Date(int),Date,Name,Stock ID,LACP,Open,High,Low,Close,Volume,Direction,Bid Size
1420416000000,20150105,FRONTKN,'0128,,0.140,0.145,0.135,0.145,3438900,Increased,1
1420502400000,20150106,FRONTKN,'0128,0.145,0.140,0.145,0.135,0.140,3277800,No change,0
1420588800000,20150107,FRONTKN,'0128,0.140,0.140,0.150,0.140,0.150,8273300,Increased,2
1420675200000,20150108,FRONTKN,'0128,0.150,0.155,0.160,0.150,0.155,4680300,No change,0
1420761600000,20150109,FRONTKN,'0128,0.155,0.155,0.155,0.145,0.150,3743400,Decreased,1
1421020800000,20150112,FRONTKN,'0128,0.150,0.150,0.155,0.145,0.155,1601300,Increased,1
1421107200000,20150113,FRONTKN,'0128,0.155,0.155,0.155,0.145,0.155,2782300,No change,0
1421193600000,20150114,FRONTKN,'0128,0.155,0.155,0.155,0.145,0.155,2829100,No change,0
1421280000000,20150115,FRONTKN,'0128,0.155,0.155,0.160,0.150,0.155,6344400,No change,0
1421366400000,20150116,FRONTKN,'0128,0.155,0.155,0.155,0.150,0.155,1492400,No change,0
1421625600000,20150119,FRONTKN,'0128,0.155,0.155,0.160,0.150,0.155,5843000,No change,0
1421712000000,20150120,FRONTKN,'0128,0.155,0.155,0.155,0.150,0.155,2313900,No change,0
1421798400000,20150121,FRONTKN,'0128,0.155,0.155,0.160,0.150,0.155,5113600,No change,0
1421884800000,20150122,FRONTKN,'0128,0.155,0.160,0.165,0.160,0.165,8866600,Increased,1
1421971200000,20150123,FRONTKN,'0128,0.165,0.165,0.165,0.160,0.165,3354300,No change,0
1422230400000,20150126,FRONTKN,'0128,0.165,0.165,0.165,0.160,0.160,6286200,Decreased,1
1422316800000,20150127,FRONTKN,'0128,0.160,0.160,0.165,0.155,0.160,5227900,No change,0
1422403200000,20150128,FRONTKN,'0128,0.160,0.160,0.160,0.155,0.155,3037000,Decreased,1
1422489600000,20150129,FRONTKN,'0128,0.155,0.160,0.165,0.155,0.160,9412200,No change,0
1422576000000,20150130,FRONTKN,'0128,0.160,0.160,0.165,0.160,0.160,5030500,No change,0
1423008000000,20150204,FRONTKN,'0128,0.160,0.165,0.170,0.160,0.165,7439100,No change,0
1423094400000,20150205,FRONTKN,'0128,0.165,0.165,0.165,0.160,0.165,2019200,No change,0
1423180800000,20150206,FRONTKN,'0128,0.165,0.165,0.170,0.160,0.170,9659800,Increased,1
1423440000000,20150209,FRONTKN,'0128,0.170,0.170,0.175,0.170,0.170,9856400,No change,0
1423526400000,20150210,FRONTKN,'0128,0.170,0.170,0.180,0.165,0.170,22792500,No change,0
1423612800000,20150211,FRONTKN,'0128,0.170,0.170,0.170,0.160,0.165,8145800,Decreased,1
1423699200000,20150212,FRONTKN,'0128,0.165,0.165,0.170,0.160,0.160,5960400,Decreased,1
1423785600000,20150213,FRONTKN,'0128,0.160,0.160,0.170,0.160,0.165,10284500,Increased,1
1424044800000,20150216,FRONTKN,'0128,0.165,0.165,0.170,0.165,0.165,3431900,No change,0
1424131200000,20150217,FRONTKN,'0128,0.165,0.170,0.175,0.165,0.175,10674300,Increased,1
1424217600000,20150218,FRONTKN,'0128,0.175,0.175,0.175,0.170,0.175,4457000,No change,0
1424649600000,20150223,FRONTKN,'0128,0.175,0.175,0.190,0.170,0.190,29038000,Increased,3
1424736000000,20150224,FRONTKN,'0128,0.190,0.190,0.190,0.175,0.180,30485200,Decreased,2
1424822400000,20150225,FRONTKN,'0128,0.180,0.180,0.185,0.175,0.185,10627600,Increased,1
1424908800000,20150226,FRONTKN,'0128,0.185,0.180,0.190,0.180,0.185,16714300,Increased,1
1424995200000,20150227,FRONTKN,'0128,0.185,0.185,0.185,0.175,0.180,15416300,Decreased,1
1425254400000,20150302,FRONTKN,'0128,0.180,0.190,0.195,0.185,0.190,36385000,No change,0
1425340800000,20150303,FRONTKN,'0128,0.190,0.190,0.190,0.175,0.175,55209400,Decreased,3
1425427200000,20150304,FRONTKN,'0128,0.175,0.175,0.180,0.170,0.175,17577000,No change,0
1425513600000,20150305,FRONTKN,'0128,0.175,0.180,0.180,0.170,0.175,10181700,Decreased,1
1425600000000,20150306,FRONTKN,'0128,0.175,0.170,0.180,0.170,0.180,5413400,Increased,2
1425859200000,20150309,FRONTKN,'0128,0.180,0.175,0.180,0.175,0.175,7886300,No change,0
1425945600000,20150310,FRONTKN,'0128,0.175,0.180,0.190,0.180,0.185,32981200,Increased,1
1426032000000,20150311,FRONTKN,'0128,0.185,0.185,0.190,0.180,0.185,11406500,No change,0
1426118400000,20150312,FRONTKN,'0128,0.185,0.190,0.195,0.185,0.195,19163100,Increased,1
1426204800000,20150313,FRONTKN,'0128,0.195,0.195,0.195,0.185,0.185,15007000,Decreased,2
1426464000000,20150316,FRONTKN,'0128,0.185,0.185,0.185,0.180,0.180,7260000,Decreased,1
1426550400000,20150317,FRONTKN,'0128,0.180,0.180,0.185,0.180,0.180,11149800,No change,0
1426636800000,20150318,FRONTKN,'0128,0.180,0.180,0.185,0.175,0.175,9057700,Decreased,1
1426723200000,20150319,FRONTKN,'0128,0.175,0.180,0.185,0.175,0.185,16126900,Increased,1
1426809600000,20150320,FRONTKN,'0128,0.185,0.180,0.185,0.175,0.180,8822000,No change,0
1427068800000,20150323,FRONTKN,'0128,0.180,0.180,0.185,0.175,0.185,14757900,Increased,1
1427155200000,20150324,FRONTKN,'0128,0.185,0.180,0.185,0.175,0.180,6763800,No change,0
1427241600000,20150325,FRONTKN,'0128,0.180,0.180,0.185,0.175,0.185,8438800,Increased,1
1427328000000,20150326,FRONTKN,'0128,0.185,0.180,0.185,0.180,0.180,2071300,No change,0
1427414400000,20150327,FRONTKN,'0128,0.180,0.180,0.190,0.180,0.185,14271500,Increased,1
1427673600000,20150330,FRONTKN,'0128,0.185,0.185,0.185,0.180,0.185,4093100,No change,0
1427760000000,20150331,FRONTKN,'0128,0.185,0.185,0.185,0.175,0.180,12254000,Decreased,1
1427846400000,20150401,FRONTKN,'0128,0.180,0.180,0.180,0.175,0.180,5188000,No change,0
1427932800000,20150402,FRONTKN,'0128,0.180,0.180,0.180,0.175,0.180,3671200,No change,0
1428019200000,20150403,FRONTKN,'0128,0.180,0.180,0.185,0.175,0.185,6229000,Increased,1
1428278400000,20150406,FRONTKN,'0128,0.185,0.185,0.185,0.175,0.180,9755700,Decreased,1
1428364800000,20150407,FRONTKN,'0128,0.180,0.180,0.185,0.175,0.175,3719200,Decreased,1
1428451200000,20150408,FRONTKN,'0128,0.175,0.180,0.185,0.180,0.180,9135300,No change,0
1428537600000,20150409,FRONTKN,'0128,0.180,0.185,0.195,0.185,0.190,50760500,Increased,1
1428624000000,20150410,FRONTKN,'0128,0.190,0.195,0.225,0.190,0.215,177586900,Increased,4
1428883200000,20150413,FRONTKN,'0128,0.215,0.220,0.230,0.220,0.225,140217200,Increased,1
1428969600000,20150414,FRONTKN,'0128,0.225,0.225,0.230,0.220,0.220,51650100,Decreased,1
1429056000000,20150415,FRONTKN,'0128,0.220,0.220,0.250,0.220,0.245,176962100,Increased,5
1429142400000,20150416,FRONTKN,'0128,0.245,0.245,0.260,0.240,0.245,165281900,No change,0
1429228800000,20150417,FRONTKN,'0128,0.245,0.245,0.265,0.245,0.255,127515300,Increased,2
1429488000000,20150420,FRONTKN,'0128,0.255,0.255,0.290,0.250,0.285,197455900,Increased,6
1429574400000,20150421,FRONTKN,'0128,0.285,0.285,0.290,0.270,0.275,67936500,Decreased,2
1429660800000,20150422,FRONTKN,'0128,0.275,0.280,0.300,0.275,0.290,193543500,Increased,2
1429747200000,20150423,FRONTKN,'0128,0.290,0.290,0.300,0.280,0.285,71145800,Decreased,1
1429833600000,20150424,FRONTKN,'0128,0.285,0.285,0.295,0.280,0.290,60918800,Increased,1
1430092800000,20150427,FRONTKN,'0128,0.290,0.290,0.290,0.260,0.265,85577900,Decreased,5
1430179200000,20150428,FRONTKN,'0128,0.265,0.265,0.275,0.250,0.260,80385400,Decreased,1
1430265600000,20150429,FRONTKN,'0128,0.260,0.260,0.275,0.260,0.275,47798200,Increased,3
1430352000000,20150430,FRONTKN,'0128,0.275,0.275,0.275,0.265,0.265,36486100,Decreased,2
1430784000000,20150505,FRONTKN,'0128,0.265,0.270,0.275,0.255,0.260,43099100,Decreased,2
1430870400000,20150506,FRONTKN,'0128,0.260,0.260,0.270,0.260,0.265,29433300,Increased,1
1430956800000,20150507,FRONTKN,'0128,0.265,0.265,0.280,0.260,0.265,58862300,No change,0
1431043200000,20150508,FRONTKN,'0128,0.265,0.270,0.275,0.265,0.270,35616200,No change,0
1431302400000,20150511,FRONTKN,'0128,0.270,0.275,0.280,0.270,0.270,36736200,Decreased,1
1431388800000,20150512,FRONTKN,'0128,0.270,0.270,0.275,0.265,0.270,22541000,No change,0
1431475200000,20150513,FRONTKN,'0128,0.270,0.270,0.270,0.255,0.265,39032200,Decreased,1
1431561600000,20150514,FRONTKN,'0128,0.265,0.265,0.270,0.260,0.265,25586000,No change,0
1431648000000,20150515,FRONTKN,'0128,0.265,0.270,0.275,0.265,0.270,22649900,No change,0
1431907200000,20150518,FRONTKN,'0128,0.270,0.270,0.315,0.265,0.315,172529800,Increased,9
1431993600000,20150519,FRONTKN,'0128,0.315,0.320,0.330,0.310,0.320,117928500,No change,0
1432080000000,20150520,FRONTKN,'0128,0.320,0.320,0.325,0.315,0.320,42950200,No change,0
1432166400000,20150521,FRONTKN,'0128,0.320,0.320,0.340,0.275,0.295,263410200,Decreased,5
1432252800000,20150522,FRONTKN,'0128,0.295,0.295,0.300,0.290,0.300,51457800,Increased,1
1432512000000,20150525,FRONTKN,'0128,0.300,0.305,0.305,0.275,0.290,77486600,Decreased,3
1432598400000,20150526,FRONTKN,'0128,0.290,0.285,0.300,0.285,0.290,63851300,Increased,1
1432684800000,20150527,FRONTKN,'0128,0.290,0.285,0.295,0.280,0.290,46700200,Increased,1
1432771200000,20150528,FRONTKN,'0128,0.290,0.290,0.295,0.265,0.275,84800900,Decreased,3
1432857600000,20150529,FRONTKN,'0128,0.275,0.270,0.275,0.250,0.255,60950800,Decreased,3
1433116800000,20150601,FRONTKN,'0128,0.255,0.270,0.280,0.260,0.275,74120600,Increased,1
1433203200000,20150602,FRONTKN,'0128,0.275,0.275,0.290,0.275,0.280,66601200,Increased,1
1433289600000,20150603,FRONTKN,'0128,0.280,0.285,0.290,0.275,0.280,20714800,Decreased,1
1433376000000,20150604,FRONTKN,'0128,0.280,0.280,0.285,0.270,0.270,15174900,Decreased,2
1433462400000,20150605,FRONTKN,'0128,0.270,0.270,0.275,0.265,0.270,17249000,No change,0
1433721600000,20150608,FRONTKN,'0128,0.270,0.270,0.270,0.260,0.265,31009600,Decreased,1
1433808000000,20150609,FRONTKN,'0128,0.265,0.260,0.265,0.250,0.255,32257300,Decreased,1
1433894400000,20150610,FRONTKN,'0128,0.255,0.255,0.265,0.255,0.255,15175200,No change,0
1433980800000,20150611,FRONTKN,'0128,0.255,0.260,0.265,0.255,0.255,20634500,Decreased,1
1434067200000,20150612,FRONTKN,'0128,0.255,0.255,0.255,0.235,0.245,51750300,Decreased,2
1434326400000,20150615,FRONTKN,'0128,0.245,0.245,0.245,0.225,0.225,50075500,Decreased,4
1434412800000,20150616,FRONTKN,'0128,0.225,0.225,0.240,0.215,0.240,52656800,Increased,3
1434499200000,20150617,FRONTKN,'0128,0.240,0.240,0.240,0.230,0.235,27879200,Decreased,1
1434585600000,20150618,FRONTKN,'0128,0.235,0.235,0.250,0.235,0.250,40413200,Increased,3
1434672000000,20150619,FRONTKN,'0128,0.250,0.255,0.280,0.250,0.270,74971400,Increased,3
1434931200000,20150622,FRONTKN,'0128,0.270,0.275,0.285,0.275,0.280,53173000,Increased,1
1435017600000,20150623,FRONTKN,'0128,0.280,0.285,0.285,0.265,0.275,38100400,Decreased,2
1435104000000,20150624,FRONTKN,'0128,0.275,0.270,0.285,0.265,0.280,57305700,Increased,2
1435190400000,20150625,FRONTKN,'0128,0.280,0.280,0.280,0.255,0.255,41976200,Decreased,5
1435276800000,20150626,FRONTKN,'0128,0.255,0.260,0.270,0.255,0.265,38351500,Increased,1
1435536000000,20150629,FRONTKN,'0128,0.265,0.260,0.260,0.240,0.245,37694200,Decreased,3
1435622400000,20150630,FRONTKN,'0128,0.245,0.240,0.260,0.240,0.250,37220200,Increased,2
1435708800000,20150701,FRONTKN,'0128,0.250,0.260,0.270,0.255,0.260,34746800,No change,0
1435795200000,20150702,FRONTKN,'0128,0.260,0.270,0.280,0.265,0.275,65539700,Increased,1
1435881600000,20150703,FRONTKN,'0128,0.275,0.270,0.280,0.265,0.270,24629200,No change,0
1436140800000,20150706,FRONTKN,'0128,0.270,0.265,0.265,0.255,0.260,30507900,Decreased,1
1436227200000,20150707,FRONTKN,'0128,0.260,0.260,0.270,0.255,0.260,28404100,No change,0
1436313600000,20150708,FRONTKN,'0128,0.260,0.260,0.260,0.245,0.250,31674500,Decreased,2
1436400000000,20150709,FRONTKN,'0128,0.250,0.250,0.260,0.245,0.255,40064200,Increased,1
1436486400000,20150710,FRONTKN,'0128,0.255,0.255,0.260,0.255,0.260,6682600,Increased,1
1436745600000,20150713,FRONTKN,'0128,0.260,0.260,0.260,0.250,0.260,29747700,No change,0
1436832000000,20150714,FRONTKN,'0128,0.260,0.260,0.260,0.250,0.255,15686800,Decreased,1
1436918400000,20150715,FRONTKN,'0128,0.255,0.255,0.260,0.250,0.250,9070600,Decreased,1
1437004800000,20150716,FRONTKN,'0128,0.250,0.250,0.265,0.250,0.265,31759500,Increased,3
1437350400000,20150720,FRONTKN,'0128,0.265,0.270,0.280,0.265,0.270,47776000,No change,0
1437436800000,20150721,FRONTKN,'0128,0.270,0.270,0.275,0.265,0.275,18158600,Increased,1
1437523200000,20150722,FRONTKN,'0128,0.275,0.270,0.275,0.265,0.270,15326300,No change,0
1437609600000,20150723,FRONTKN,'0128,0.270,0.270,0.280,0.265,0.270,41733400,No change,0
1437696000000,20150724,FRONTKN,'0128,0.270,0.275,0.275,0.270,0.270,15996900,Decreased,1
1437955200000,20150727,FRONTKN,'0128,0.270,0.270,0.280,0.260,0.265,47216600,Decreased,1
1438041600000,20150728,FRONTKN,'0128,0.265,0.265,0.270,0.255,0.260,29014400,Decreased,1
1438128000000,20150729,FRONTKN,'0128,0.260,0.265,0.265,0.255,0.260,19068900,Decreased,1
1438214400000,20150730,FRONTKN,'0128,0.260,0.260,0.265,0.260,0.265,20268000,Increased,1
1438300800000,20150731,FRONTKN,'0128,0.265,0.260,0.265,0.260,0.260,7499700,No change,0
1438560000000,20150803,FRONTKN,'0128,0.260,0.260,0.265,0.260,0.265,9972800,Increased,1
1438646400000,20150804,FRONTKN,'0128,0.265,0.265,0.265,0.260,0.260,10171100,Decreased,1
1438732800000,20150805,FRONTKN,'0128,0.260,0.260,0.265,0.255,0.255,8937600,Decreased,1
1438819200000,20150806,FRONTKN,'0128,0.255,0.260,0.260,0.245,0.245,33432900,Decreased,3
1438905600000,20150807,FRONTKN,'0128,0.245,0.245,0.250,0.235,0.245,17066000,No change,0
1439164800000,20150810,FRONTKN,'0128,0.245,0.240,0.240,0.220,0.225,41220500,Decreased,3
1439251200000,20150811,FRONTKN,'0128,0.225,0.230,0.240,0.220,0.230,28270400,No change,0
1439337600000,20150812,FRONTKN,'0128,0.230,0.220,0.225,0.200,0.205,52456600,Decreased,3
1439424000000,20150813,FRONTKN,'0128,0.205,0.215,0.220,0.210,0.215,26998900,No change,0
1439510400000,20150814,FRONTKN,'0128,0.215,0.215,0.220,0.200,0.205,32236300,Decreased,2
1439769600000,20150817,FRONTKN,'0128,0.205,0.205,0.205,0.185,0.185,38960300,Decreased,4
1439856000000,20150818,FRONTKN,'0128,0.185,0.190,0.200,0.185,0.195,48951800,Increased,1
1439942400000,20150819,FRONTKN,'0128,0.195,0.200,0.200,0.190,0.195,26052500,Decreased,1
1440028800000,20150820,FRONTKN,'0128,0.195,0.195,0.195,0.185,0.190,28639400,Decreased,1
1440115200000,20150821,FRONTKN,'0128,0.190,0.185,0.190,0.180,0.190,27773700,Increased,1
1440374400000,20150824,FRONTKN,'0128,0.190,0.180,0.180,0.170,0.170,50892500,Decreased,2
1440460800000,20150825,FRONTKN,'0128,0.170,0.165,0.175,0.160,0.175,42448000,Increased,2
1440547200000,20150826,FRONTKN,'0128,0.175,0.160,0.165,0.155,0.160,68089000,No change,0
1440633600000,20150827,FRONTKN,'0128,0.160,0.160,0.165,0.150,0.160,48354200,No change,0
1440720000000,20150828,FRONTKN,'0128,0.160,0.165,0.165,0.155,0.155,42451700,Decreased,2
1441065600000,20150901,FRONTKN,'0128,0.155,0.160,0.160,0.150,0.150,20247100,Decreased,2
1441152000000,20150902,FRONTKN,'0128,0.150,0.150,0.150,0.145,0.150,25402400,No change,0
1441238400000,20150903,FRONTKN,'0128,0.150,0.150,0.165,0.150,0.160,37292600,Increased,2
1441324800000,20150904,FRONTKN,'0128,0.160,0.165,0.170,0.155,0.155,51409900,Decreased,2
1441584000000,20150907,FRONTKN,'0128,0.155,0.155,0.160,0.150,0.155,13026100,No change,0
1441670400000,20150908,FRONTKN,'0128,0.155,0.160,0.170,0.155,0.165,30757600,Increased,1
1441756800000,20150909,FRONTKN,'0128,0.165,0.170,0.175,0.165,0.170,56735100,No change,0
1441843200000,20150910,FRONTKN,'0128,0.170,0.170,0.175,0.165,0.170,32204100,No change,0
1441929600000,20150911,FRONTKN,'0128,0.170,0.170,0.185,0.170,0.175,73358600,Increased,1
1442188800000,20150914,FRONTKN,'0128,0.175,0.180,0.180,0.170,0.175,22845800,Decreased,1
1442275200000,20150915,FRONTKN,'0128,0.175,0.175,0.180,0.165,0.165,32701400,Decreased,2
1442448000000,20150917,FRONTKN,'0128,0.165,0.170,0.175,0.165,0.170,20582100,No change,0
1442534400000,20150918,FRONTKN,'0128,0.170,0.170,0.175,0.165,0.165,6900700,Decreased,1
1442793600000,20150921,FRONTKN,'0128,0.165,0.170,0.170,0.165,0.165,11721300,Decreased,1
1442880000000,20150922,FRONTKN,'0128,0.165,0.170,0.170,0.165,0.165,9471200,Decreased,1
1442966400000,20150923,FRONTKN,'0128,0.165,0.165,0.170,0.160,0.160,20572400,Decreased,1
1443139200000,20150925,FRONTKN,'0128,0.160,0.165,0.170,0.160,0.170,13968700,Increased,1
1443398400000,20150928,FRONTKN,'0128,0.170,0.165,0.170,0.160,0.165,5493000,No change,0
1443484800000,20150929,FRONTKN,'0128,0.165,0.160,0.165,0.155,0.160,15480000,No change,0
1443571200000,20150930,FRONTKN,'0128,0.160,0.160,0.165,0.160,0.160,16397300,No change,0
1443657600000,20151001,FRONTKN,'0128,0.160,0.160,0.165,0.160,0.165,7806700,Increased,1
1443744000000,20151002,FRONTKN,'0128,0.165,0.160,0.160,0.155,0.160,9358100,No change,0
1444003200000,20151005,FRONTKN,'0128,0.160,0.160,0.175,0.160,0.170,34003300,Increased,2
1444089600000,20151006,FRONTKN,'0128,0.170,0.180,0.180,0.165,0.170,29927300,Decreased,2
1444176000000,20151007,FRONTKN,'0128,0.170,0.170,0.185,0.170,0.180,45977100,Increased,2
1444262400000,20151008,FRONTKN,'0128,0.180,0.185,0.185,0.170,0.175,32888800,Decreased,2
1444348800000,20151009,FRONTKN,'0128,0.175,0.180,0.180,0.175,0.180,16007900,No change,0
1444608000000,20151012,FRONTKN,'0128,0.180,0.180,0.190,0.175,0.190,28245200,Increased,2
1444694400000,20151013,FRONTKN,'0128,0.190,0.190,0.220,0.185,0.215,136101500,Increased,5
1444867200000,20151015,FRONTKN,'0128,0.215,0.215,0.235,0.215,0.230,85957600,Increased,3
1444953600000,20151016,FRONTKN,'0128,0.230,0.235,0.235,0.225,0.230,56728000,Decreased,1
1445212800000,20151019,FRONTKN,'0128,0.230,0.230,0.235,0.220,0.220,20066300,Decreased,2
1445299200000,20151020,FRONTKN,'0128,0.220,0.215,0.220,0.195,0.200,39450800,Decreased,3
1445385600000,20151021,FRONTKN,'0128,0.200,0.200,0.215,0.200,0.210,24222800,Increased,2
1445472000000,20151022,FRONTKN,'0128,0.210,0.210,0.225,0.210,0.220,26921200,Increased,2
1445558400000,20151023,FRONTKN,'0128,0.220,0.225,0.240,0.225,0.230,34277600,Increased,1
1445817600000,20151026,FRONTKN,'0128,0.230,0.230,0.230,0.220,0.225,13984200,Decreased,1
1445904000000,20151027,FRONTKN,'0128,0.225,0.220,0.225,0.210,0.215,11180900,Decreased,1
1445990400000,20151028,FRONTKN,'0128,0.215,0.215,0.225,0.215,0.215,22734000,No change,0
1446076800000,20151029,FRONTKN,'0128,0.215,0.220,0.225,0.215,0.215,14029200,Decreased,1
1446163200000,20151030,FRONTKN,'0128,0.215,0.220,0.235,0.220,0.230,24075700,Increased,2
1446422400000,20151102,FRONTKN,'0128,0.230,0.230,0.240,0.230,0.235,31667100,Increased,1
1446508800000,20151103,FRONTKN,'0128,0.235,0.240,0.255,0.240,0.255,50072800,Increased,3
1446595200000,20151104,FRONTKN,'0128,0.255,0.260,0.260,0.245,0.250,24142900,Decreased,2
1446681600000,20151105,FRONTKN,'0128,0.250,0.250,0.250,0.240,0.240,19731900,Decreased,2
1446768000000,20151106,FRONTKN,'0128,0.240,0.240,0.250,0.240,0.250,12134000,Increased,2
1447027200000,20151109,FRONTKN,'0128,0.250,0.245,0.250,0.240,0.240,15347700,Decreased,1
1447200000000,20151111,FRONTKN,'0128,0.240,0.240,0.245,0.230,0.235,19585000,Decreased,1
1447286400000,20151112,FRONTKN,'0128,0.235,0.235,0.240,0.230,0.235,17075500,No change,0
1447372800000,20151113,FRONTKN,'0128,0.235,0.230,0.230,0.225,0.230,11471400,No change,0
1447632000000,20151116,FRONTKN,'0128,0.230,0.230,0.230,0.225,0.230,6057000,No change,0
1447718400000,20151117,FRONTKN,'0128,0.230,0.230,0.235,0.225,0.230,12180200,No change,0
1447804800000,20151118,FRONTKN,'0128,0.230,0.230,0.250,0.230,0.250,35025500,Increased,4
1447891200000,20151119,FRONTKN,'0128,0.250,0.255,0.270,0.245,0.260,63584800,Increased,1
1447977600000,20151120,FRONTKN,'0128,0.260,0.265,0.265,0.255,0.260,19291000,Decreased,1
1448236800000,20151123,FRONTKN,'0128,0.260,0.260,0.265,0.250,0.255,26967000,Decreased,1
1448323200000,20151124,FRONTKN,'0128,0.255,0.255,0.260,0.250,0.255,8348400,No change,0
1448409600000,20151125,FRONTKN,'0128,0.255,0.220,0.230,0.190,0.200,132497000,Decreased,4
1448496000000,20151126,FRONTKN,'0128,0.200,0.205,0.220,0.200,0.210,52731400,Increased,1
1448582400000,20151127,FRONTKN,'0128,0.210,0.210,0.215,0.205,0.210,19570300,No change,0
1448841600000,20151130,FRONTKN,'0128,0.210,0.210,0.210,0.200,0.205,19439100,Decreased,1
1448928000000,20151201,FRONTKN,'0128,0.205,0.205,0.220,0.200,0.210,45109700,Increased,1
1449014400000,20151202,FRONTKN,'0128,0.210,0.215,0.215,0.205,0.205,27875100,Decreased,2
1449100800000,20151203,FRONTKN,'0128,0.205,0.205,0.210,0.200,0.205,20341900,No change,0
1449187200000,20151204,FRONTKN,'0128,0.205,0.205,0.210,0.205,0.210,5938600,Increased,1
1449446400000,20151207,FRONTKN,'0128,0.210,0.210,0.220,0.205,0.220,40522800,Increased,2
1449532800000,20151208,FRONTKN,'0128,0.220,0.220,0.225,0.210,0.210,19669500,Decreased,2
1449619200000,20151209,FRONTKN,'0128,0.210,0.210,0.210,0.205,0.210,5187500,No change,0
1449705600000,20151210,FRONTKN,'0128,0.210,0.205,0.210,0.200,0.205,28410800,No change,0
1449792000000,20151211,FRONTKN,'0128,0.205,0.205,0.205,0.195,0.205,16743600,No change,0
1450051200000,20151214,FRONTKN,'0128,0.205,0.200,0.200,0.190,0.195,12612100,Decreased,1
1450137600000,20151215,FRONTKN,'0128,0.195,0.200,0.200,0.185,0.190,14598600,Decreased,2
1450224000000,20151216,FRONTKN,'0128,0.190,0.190,0.200,0.190,0.195,11049000,Increased,1
1450310400000,20151217,FRONTKN,'0128,0.195,0.200,0.205,0.195,0.200,16729500,No change,0
1450396800000,20151218,FRONTKN,'0128,0.200,0.200,0.205,0.195,0.195,6351700,Decreased,1
1450656000000,20151221,FRONTKN,'0128,0.195,0.195,0.200,0.190,0.195,14519200,No change,0
1450742400000,20151222,FRONTKN,'0128,0.195,0.195,0.200,0.195,0.200,10282900,Increased,1
1450828800000,20151223,FRONTKN,'0128,0.200,0.195,0.205,0.195,0.200,18819300,Increased,1
1451260800000,20151228,FRONTKN,'0128,0.200,0.200,0.200,0.195,0.195,15757300,Decreased,1
1451347200000,20151229,FRONTKN,'0128,0.195,0.195,0.200,0.195,0.195,2484100,No change,0
1451433600000,20151230,FRONTKN,'0128,0.195,0.195,0.200,0.190,0.195,3898700,No change,0
1451520000000,20151231,FRONTKN,'0128,0.195,0.195,0.195,0.190,0.190,2349200,Decreased,1
1451865600000,20160104,FRONTKN,'0128,0.190,0.190,0.195,0.185,0.185,21588000,Decreased,1
1451952000000,20160105,FRONTKN,'0128,0.185,0.190,0.190,0.185,0.185,2964200,Decreased,1
1452038400000,20160106,FRONTKN,'0128,0.185,0.185,0.190,0.185,0.185,18112500,No change,0
1452124800000,20160107,FRONTKN,'0128,0.185,0.190,0.190,0.185,0.185,8074400,Decreased,1
1452211200000,20160108,FRONTKN,'0128,0.185,0.185,0.190,0.185,0.190,5546400,Increased,1
1452470400000,20160111,FRONTKN,'0128,0.190,0.185,0.185,0.180,0.180,5418600,Decreased,1
1452556800000,20160112,FRONTKN,'0128,0.180,0.180,0.185,0.175,0.180,7772400,No change,0
1452643200000,20160113,FRONTKN,'0128,0.180,0.180,0.185,0.180,0.180,4036900,No change,0
1452729600000,20160114,FRONTKN,'0128,0.180,0.180,0.180,0.175,0.180,1994600,No change,0
1452816000000,20160115,FRONTKN,'0128,0.180,0.175,0.180,0.175,0.175,3903100,No change,0
1453075200000,20160118,FRONTKN,'0128,0.175,0.170,0.170,0.165,0.170,5767300,No change,0
1453161600000,20160119,FRONTKN,'0128,0.170,0.175,0.190,0.170,0.185,14767400,Increased,2
1453248000000,20160120,FRONTKN,'0128,0.185,0.185,0.185,0.170,0.170,5142100,Decreased,3
1453334400000,20160121,FRONTKN,'0128,0.170,0.170,0.180,0.165,0.170,9557600,No change,0
1453420800000,20160122,FRONTKN,'0128,0.170,0.170,0.175,0.170,0.175,7279300,Increased,1
1453766400000,20160126,FRONTKN,'0128,0.175,0.170,0.170,0.165,0.165,1873600,Decreased,1
1453852800000,20160127,FRONTKN,'0128,0.165,0.170,0.175,0.165,0.170,8699800,No change,0
1453939200000,20160128,FRONTKN,'0128,0.170,0.170,0.175,0.165,0.165,5119600,Decreased,1
1454025600000,20160129,FRONTKN,'0128,0.165,0.170,0.180,0.170,0.180,16215700,Increased,2
1454371200000,20160202,FRONTKN,'0128,0.180,0.175,0.185,0.175,0.185,17690500,Increased,2
1454457600000,20160203,FRONTKN,'0128,0.185,0.180,0.185,0.170,0.180,17622300,No change,0
1454544000000,20160204,FRONTKN,'0128,0.180,0.180,0.180,0.175,0.175,9204500,Decreased,1
1454630400000,20160205,FRONTKN,'0128,0.175,0.170,0.175,0.170,0.170,4241900,No change,0
1455062400000,20160210,FRONTKN,'0128,0.170,0.170,0.170,0.165,0.170,4705900,No change,0
1455148800000,20160211,FRONTKN,'0128,0.170,0.170,0.170,0.165,0.165,4595300,Decreased,1
1455235200000,20160212,FRONTKN,'0128,0.165,0.170,0.170,0.165,0.170,3328300,No change,0
1455494400000,20160215,FRONTKN,'0128,0.170,0.175,0.175,0.170,0.170,1778800,Decreased,1
1455580800000,20160216,FRONTKN,'0128,0.170,0.170,0.180,0.170,0.180,16124900,Increased,2
1455667200000,20160217,FRONTKN,'0128,0.180,0.175,0.180,0.170,0.170,3180000,Decreased,1
1455753600000,20160218,FRONTKN,'0128,0.170,0.175,0.180,0.175,0.180,3227100,Increased,1
1455840000000,20160219,FRONTKN,'0128,0.180,0.175,0.180,0.170,0.170,2622500,Decreased,1
1456099200000,20160222,FRONTKN,'0128,0.170,0.170,0.180,0.170,0.180,6052700,Increased,2
1456185600000,20160223,FRONTKN,'0128,0.180,0.175,0.175,0.170,0.170,3460000,Decreased,1
1456272000000,20160224,FRONTKN,'0128,0.170,0.170,0.175,0.170,0.175,570000,Increased,1
1456358400000,20160225,FRONTKN,'0128,0.175,0.170,0.175,0.170,0.170,1585600,No change,0
1456444800000,20160226,FRONTKN,'0128,0.170,0.175,0.175,0.170,0.170,3326900,Decreased,1
1456704000000,20160229,FRONTKN,'0128,0.170,0.170,0.170,0.165,0.170,3457300,No change,0
1456790400000,20160301,FRONTKN,'0128,0.170,0.170,0.175,0.165,0.175,2792600,Increased,1
1456876800000,20160302,FRONTKN,'0128,0.175,0.175,0.180,0.170,0.175,4660600,No change,0
1456963200000,20160303,FRONTKN,'0128,0.175,0.175,0.175,0.170,0.175,4064000,No change,0
1457049600000,20160304,FRONTKN,'0128,0.175,0.170,0.175,0.165,0.175,7299500,Increased,1
1457308800000,20160307,FRONTKN,'0128,0.175,0.170,0.175,0.165,0.170,3771200,No change,0
1457395200000,20160308,FRONTKN,'0128,0.170,0.170,0.170,0.165,0.170,1900300,No change,0
1457481600000,20160309,FRONTKN,'0128,0.170,0.170,0.170,0.165,0.165,5242000,Decreased,1
1457568000000,20160310,FRONTKN,'0128,0.165,0.170,0.170,0.165,0.165,1092800,Decreased,1
1457654400000,20160311,FRONTKN,'0128,0.165,0.165,0.175,0.165,0.175,5478000,Increased,2
1457913600000,20160314,FRONTKN,'0128,0.175,0.175,0.175,0.170,0.170,1414300,Decreased,1
1458000000000,20160315,FRONTKN,'0128,0.170,0.175,0.175,0.170,0.170,630400,Decreased,1
1458086400000,20160316,FRONTKN,'0128,0.170,0.170,0.170,0.170,0.170,969500,No change,0
1458172800000,20160317,FRONTKN,'0128,0.170,0.170,0.170,0.170,0.170,2898100,No change,0
1458259200000,20160318,FRONTKN,'0128,0.170,0.170,0.175,0.170,0.170,2203000,No change,0
1458518400000,20160321,FRONTKN,'0128,0.170,0.170,0.195,0.170,0.190,22312500,Increased,4
1458604800000,20160322,FRONTKN,'0128,0.190,0.190,0.195,0.175,0.175,15607700,Decreased,3
1458691200000,20160323,FRONTKN,'0128,0.175,0.175,0.180,0.175,0.180,1772200,Increased,1
1458777600000,20160324,FRONTKN,'0128,0.180,0.175,0.180,0.175,0.175,2518900,No change,0
1458864000000,20160325,FRONTKN,'0128,0.175,0.175,0.175,0.170,0.175,3519100,No change,0
1459123200000,20160328,FRONTKN,'0128,0.175,0.175,0.180,0.170,0.170,6283400,Decreased,1
1459209600000,20160329,FRONTKN,'0128,0.170,0.175,0.175,0.170,0.175,952400,No change,0
1459296000000,20160330,FRONTKN,'0128,0.175,0.175,0.180,0.170,0.180,4344900,Increased,1
1459382400000,20160331,FRONTKN,'0128,0.180,0.175,0.180,0.175,0.175,1088300,No change,0
1459468800000,20160401,FRONTKN,'0128,0.175,0.180,0.180,0.170,0.175,6270900,Decreased,1
1459728000000,20160404,FRONTKN,'0128,0.175,0.175,0.180,0.170,0.180,6927500,Increased,1
1459814400000,20160405,FRONTKN,'0128,0.180,0.175,0.180,0.170,0.180,2569700,Increased,1
1459900800000,20160406,FRONTKN,'0128,0.180,0.170,0.180,0.170,0.175,6541700,Increased,1
1459987200000,20160407,FRONTKN,'0128,0.175,0.175,0.175,0.170,0.175,6620000,No change,0
1460073600000,20160408,FRONTKN,'0128,0.175,0.170,0.175,0.170,0.170,718800,No change,0
1460332800000,20160411,FRONTKN,'0128,0.170,0.175,0.175,0.165,0.175,15587600,No change,0
1460419200000,20160412,FRONTKN,'0128,0.175,0.170,0.175,0.170,0.170,825400,No change,0
1460505600000,20160413,FRONTKN,'0128,0.170,0.170,0.175,0.170,0.175,1541000,Increased,1
1460592000000,20160414,FRONTKN,'0128,0.175,0.170,0.175,0.170,0.175,2108000,Increased,1
1460678400000,20160415,FRONTKN,'0128,0.175,0.175,0.175,0.170,0.170,5248000,Decreased,1
1460937600000,20160418,FRONTKN,'0128,0.170,0.170,0.170,0.165,0.170,1863100,No change,0
1461024000000,20160419,FRONTKN,'0128,0.170,0.170,0.170,0.165,0.165,698200,Decreased,1
1461110400000,20160420,FRONTKN,'0128,0.165,0.165,0.170,0.165,0.170,2281300,Increased,1
1461196800000,20160421,FRONTKN,'0128,0.170,0.165,0.175,0.165,0.170,11549300,Increased,1
1461283200000,20160422,FRONTKN,'0128,0.170,0.170,0.175,0.165,0.175,2082300,Increased,1
1461542400000,20160425,FRONTKN,'0128,0.175,0.170,0.175,0.170,0.170,1920900,No change,0
1461628800000,20160426,FRONTKN,'0128,0.170,0.170,0.170,0.160,0.170,13005900,No change,0
1461715200000,20160427,FRONTKN,'0128,0.170,0.170,0.170,0.160,0.170,2993800,No change,0
1461801600000,20160428,FRONTKN,'0128,0.170,0.170,0.170,0.160,0.165,1025100,Decreased,1
1461888000000,20160429,FRONTKN,'0128,0.165,0.165,0.170,0.165,0.165,2877100,No change,0
1462233600000,20160503,FRONTKN,'0128,0.165,0.165,0.165,0.160,0.160,4460800,Decreased,1
1462320000000,20160504,FRONTKN,'0128,0.160,0.160,0.165,0.160,0.160,3013200,No change,0
1462406400000,20160505,FRONTKN,'0128,0.160,0.160,0.165,0.160,0.165,1137400,Increased,1
1462492800000,20160506,FRONTKN,'0128,0.165,0.160,0.165,0.160,0.165,2020800,Increased,1
1462752000000,20160509,FRONTKN,'0128,0.165,0.165,0.165,0.160,0.160,1620000,Decreased,1
1462838400000,20160510,FRONTKN,'0128,0.160,0.155,0.160,0.155,0.155,1726900,No change,0
1462924800000,20160511,FRONTKN,'0128,0.155,0.160,0.165,0.155,0.165,5624300,Increased,1
1463011200000,20160512,FRONTKN,'0128,0.165,0.160,0.160,0.155,0.160,3649000,No change,0
1463097600000,20160513,FRONTKN,'0128,0.160,0.160,0.160,0.155,0.155,628200,Decreased,1
1463356800000,20160516,FRONTKN,'0128,0.155,0.155,0.160,0.155,0.155,1779000,No change,0
1463443200000,20160517,FRONTKN,'0128,0.155,0.155,0.160,0.155,0.155,768000,No change,0
1463529600000,20160518,FRONTKN,'0128,0.155,0.155,0.160,0.155,0.155,5654700,No change,0
1463616000000,20160519,FRONTKN,'0128,0.155,0.155,0.155,0.155,0.155,205000,No change,0
1463702400000,20160520,FRONTKN,'0128,0.155,0.155,0.160,0.155,0.160,3160100,Increased,1
1463961600000,20160523,FRONTKN,'0128,0.160,0.155,0.160,0.155,0.155,3611800,No change,0
1464048000000,20160524,FRONTKN,'0128,0.155,0.150,0.155,0.150,0.150,1620000,No change,0
1464134400000,20160525,FRONTKN,'0128,0.150,0.150,0.150,0.145,0.150,2065300,No change,0
1464220800000,20160526,FRONTKN,'0128,0.150,0.150,0.150,0.145,0.150,711600,No change,0
1464307200000,20160527,FRONTKN,'0128,0.150,0.150,0.150,0.145,0.150,2105000,No change,0
1464566400000,20160530,FRONTKN,'0128,0.150,0.145,0.150,0.145,0.150,1678400,Increased,1
1464652800000,20160531,FRONTKN,'0128,0.150,0.145,0.150,0.145,0.150,1078600,Increased,1
1464739200000,20160601,FRONTKN,'0128,0.150,0.145,0.150,0.145,0.150,1688800,Increased,1
1464825600000,20160602,FRONTKN,'0128,0.150,0.145,0.150,0.145,0.150,1225500,Increased,1
1464912000000,20160603,FRONTKN,'0128,0.150,0.145,0.150,0.145,0.150,934000,Increased,1
1465171200000,20160606,FRONTKN,'0128,0.150,0.150,0.150,0.145,0.150,2288500,No change,0
1465257600000,20160607,FRONTKN,'0128,0.150,0.145,0.150,0.145,0.150,3491100,Increased,1
1465344000000,20160608,FRONTKN,'0128,0.150,0.150,0.150,0.145,0.150,5588700,No change,0
1465430400000,20160609,FRONTKN,'0128,0.150,0.145,0.150,0.145,0.145,1195500,No change,0
1465516800000,20160610,FRONTKN,'0128,0.145,0.145,0.150,0.145,0.150,754500,Increased,1
1465776000000,20160613,FRONTKN,'0128,0.150,0.150,0.150,0.145,0.145,2560100,Decreased,1
1465862400000,20160614,FRONTKN,'0128,0.145,0.145,0.150,0.140,0.145,1549000,No change,0
1465948800000,20160615,FRONTKN,'0128,0.145,0.145,0.145,0.140,0.145,329300,No change,0
1466035200000,20160616,FRONTKN,'0128,0.145,0.140,0.140,0.135,0.135,6853400,Decreased,1
1466121600000,20160617,FRONTKN,'0128,0.135,0.140,0.140,0.135,0.140,652400,No change,0
1466380800000,20160620,FRONTKN,'0128,0.140,0.140,0.140,0.135,0.140,4136500,No change,0
1466467200000,20160621,FRONTKN,'0128,0.140,0.135,0.140,0.135,0.140,535600,Increased,1
1466640000000,20160623,FRONTKN,'0128,0.140,0.135,0.140,0.135,0.135,1551200,No change,0
1466726400000,20160624,FRONTKN,'0128,0.135,0.135,0.140,0.130,0.140,1781200,Increased,1
1466985600000,20160627,FRONTKN,'0128,0.140,0.130,0.135,0.130,0.135,542000,Increased,1
1467072000000,20160628,FRONTKN,'0128,0.135,0.135,0.135,0.130,0.130,592500,Decreased,1
1467158400000,20160629,FRONTKN,'0128,0.130,0.130,0.135,0.130,0.135,749600,Increased,1
1467244800000,20160630,FRONTKN,'0128,0.135,0.130,0.135,0.130,0.135,206200,Increased,1
1467331200000,20160701,FRONTKN,'0128,0.135,0.130,0.135,0.130,0.135,2304000,Increased,1
1467590400000,20160704,FRONTKN,'0128,0.135,0.130,0.135,0.130,0.135,1818200,Increased,1
1467676800000,20160705,FRONTKN,'0128,0.135,0.130,0.135,0.125,0.125,3313100,Decreased,1
1467936000000,20160708,FRONTKN,'0128,0.125,0.125,0.135,0.125,0.135,5789800,Increased,2
1468195200000,20160711,FRONTKN,'0128,0.135,0.135,0.135,0.130,0.135,975000,No change,0
1468281600000,20160712,FRONTKN,'0128,0.135,0.135,0.140,0.135,0.140,623000,Increased,1
1468368000000,20160713,FRONTKN,'0128,0.140,0.140,0.150,0.140,0.150,7078800,Increased,2
1468454400000,20160714,FRONTKN,'0128,0.150,0.155,0.165,0.155,0.165,9561400,Increased,2
1468540800000,20160715,FRONTKN,'0128,0.165,0.165,0.165,0.155,0.155,4553100,Decreased,2
1468800000000,20160718,FRONTKN,'0128,0.155,0.155,0.155,0.150,0.150,3066100,Decreased,1
1468886400000,20160719,FRONTKN,'0128,0.150,0.150,0.155,0.150,0.150,1064600,No change,0
1468972800000,20160720,FRONTKN,'0128,0.150,0.150,0.155,0.150,0.150,1303900,No change,0
1469059200000,20160721,FRONTKN,'0128,0.150,0.150,0.150,0.145,0.145,1104200,Decreased,1
1469145600000,20160722,FRONTKN,'0128,0.145,0.145,0.150,0.145,0.145,1761600,No change,0
1469404800000,20160725,FRONTKN,'0128,0.145,0.145,0.145,0.145,0.145,322500,No change,0
1469491200000,20160726,FRONTKN,'0128,0.145,0.150,0.150,0.140,0.145,1716800,Decreased,1
1469577600000,20160727,FRONTKN,'0128,0.145,0.150,0.150,0.145,0.145,480300,Decreased,1
1469664000000,20160728,FRONTKN,'0128,0.145,0.150,0.160,0.150,0.155,3235000,Increased,1
1469750400000,20160729,FRONTKN,'0128,0.155,0.155,0.155,0.145,0.150,1850400,Decreased,1
1470009600000,20160801,FRONTKN,'0128,0.150,0.150,0.150,0.150,0.150,2185000,No change,0
1470096000000,20160802,FRONTKN,'0128,0.150,0.150,0.150,0.145,0.145,932100,Decreased,1
1470182400000,20160803,FRONTKN,'0128,0.145,0.145,0.145,0.140,0.145,1687200,No change,0
1470268800000,20160804,FRONTKN,'0128,0.145,0.145,0.145,0.140,0.145,2809800,No change,0
1470355200000,20160805,FRONTKN,'0128,0.145,0.140,0.145,0.140,0.145,2584800,Increased,1
1470614400000,20160808,FRONTKN,'0128,0.145,0.145,0.145,0.140,0.140,539500,Decreased,1
1470700800000,20160809,FRONTKN,'0128,0.140,0.140,0.150,0.140,0.150,1398400,Increased,2
1470787200000,20160810,FRONTKN,'0128,0.150,0.145,0.150,0.145,0.145,1991700,No change,0
1470873600000,20160811,FRONTKN,'0128,0.145,0.145,0.145,0.145,0.145,1396800,No change,0
1470960000000,20160812,FRONTKN,'0128,0.145,0.145,0.150,0.145,0.145,2450800,No change,0
1471219200000,20160815,FRONTKN,'0128,0.145,0.150,0.150,0.145,0.145,701000,Decreased,1
1471305600000,20160816,FRONTKN,'0128,0.145,0.145,0.155,0.145,0.155,5171200,Increased,2
1471392000000,20160817,FRONTKN,'0128,0.155,0.155,0.155,0.150,0.155,582600,No change,0
1471478400000,20160818,FRONTKN,'0128,0.155,0.150,0.165,0.150,0.160,7488100,Increased,2
1471564800000,20160819,FRONTKN,'0128,0.160,0.160,0.165,0.155,0.160,3811500,No change,0
1471824000000,20160822,FRONTKN,'0128,0.160,0.160,0.160,0.150,0.155,1891200,Decreased,1
1471910400000,20160823,FRONTKN,'0128,0.155,0.150,0.150,0.150,0.150,789700,No change,0
1471996800000,20160824,FRONTKN,'0128,0.150,0.145,0.150,0.145,0.150,1616300,Increased,1
1472083200000,20160825,FRONTKN,'0128,0.150,0.145,0.150,0.145,0.150,2666900,Increased,1
1472169600000,20160826,FRONTKN,'0128,0.150,0.150,0.170,0.145,0.165,20177600,Increased,3
1472428800000,20160829,FRONTKN,'0128,0.165,0.165,0.165,0.150,0.155,7378100,Decreased,2
1472515200000,20160830,FRONTKN,'0128,0.155,0.155,0.155,0.150,0.150,1777400,Decreased,1
1472688000000,20160901,FRONTKN,'0128,0.150,0.150,0.155,0.150,0.155,836600,Increased,1
1472774400000,20160902,FRONTKN,'0128,0.155,0.150,0.150,0.145,0.150,2478000,No change,0
1473033600000,20160905,FRONTKN,'0128,0.150,0.150,0.165,0.150,0.160,6593900,Increased,2
1473120000000,20160906,FRONTKN,'0128,0.160,0.155,0.165,0.155,0.165,16589500,Increased,2
1473206400000,20160907,FRONTKN,'0128,0.165,0.160,0.165,0.160,0.165,7614200,Increased,1
1473292800000,20160908,FRONTKN,'0128,0.165,0.165,0.165,0.160,0.165,1526800,No change,0
1473379200000,20160909,FRONTKN,'0128,0.165,0.160,0.165,0.155,0.160,7312900,No change,0
1473724800000,20160913,FRONTKN,'0128,0.160,0.160,0.160,0.150,0.155,8712600,Decreased,1
1473811200000,20160914,FRONTKN,'0128,0.155,0.150,0.155,0.150,0.155,1070100,Increased,1
1473897600000,20160915,FRONTKN,'0128,0.155,0.150,0.155,0.150,0.155,1848500,Increased,1
1474243200000,20160919,FRONTKN,'0128,0.155,0.155,0.155,0.150,0.150,806400,Decreased,1
1474329600000,20160920,FRONTKN,'0128,0.150,0.150,0.155,0.150,0.150,2067100,No change,0
1474416000000,20160921,FRONTKN,'0128,0.150,0.150,0.155,0.150,0.150,112100,No change,0
1474502400000,20160922,FRONTKN,'0128,0.150,0.155,0.160,0.155,0.160,4556800,Increased,1
1474588800000,20160923,FRONTKN,'0128,0.160,0.155,0.155,0.155,0.155,1259000,No change,0
1474848000000,20160926,FRONTKN,'0128,0.155,0.155,0.155,0.150,0.150,1996000,Decreased,1
1474934400000,20160927,FRONTKN,'0128,0.150,0.150,0.155,0.150,0.150,1295300,No change,0
1475020800000,20160928,FRONTKN,'0128,0.150,0.150,0.155,0.150,0.155,2067800,Increased,1
1475107200000,20160929,FRONTKN,'0128,0.155,0.155,0.155,0.150,0.150,1403900,Decreased,1
1475193600000,20160930,FRONTKN,'0128,0.150,0.150,0.150,0.145,0.145,1437000,Decreased,1
1475539200000,20161004,FRONTKN,'0128,0.145,0.150,0.150,0.145,0.150,300200,No change,0
1475625600000,20161005,FRONTKN,'0128,0.150,0.150,0.150,0.145,0.150,1412300,No change,0
1475712000000,20161006,FRONTKN,'0128,0.150,0.150,0.150,0.145,0.145,964400,Decreased,1
1475798400000,20161007,FRONTKN,'0128,0.145,0.150,0.150,0.145,0.145,1607700,Decreased,1
1476057600000,20161010,FRONTKN,'0128,0.145,0.145,0.150,0.140,0.145,4282500,No change,0
1476144000000,20161011,FRONTKN,'0128,0.145,0.145,0.145,0.145,0.145,4117900,No change,0
1476230400000,20161012,FRONTKN,'0128,0.145,0.145,0.145,0.145,0.145,702400,No change,0
1476316800000,20161013,FRONTKN,'0128,0.145,0.145,0.145,0.140,0.140,719000,Decreased,1
1476403200000,20161014,FRONTKN,'0128,0.140,0.140,0.140,0.140,0.140,474100,No change,0
1476662400000,20161017,FRONTKN,'0128,0.140,0.140,0.140,0.140,0.140,2103000,No change,0
1476748800000,20161018,FRONTKN,'0128,0.140,0.140,0.145,0.140,0.145,2322000,Increased,1
1476835200000,20161019,FRONTKN,'0128,0.145,0.145,0.145,0.140,0.145,593000,No change,0
1476921600000,20161020,FRONTKN,'0128,0.145,0.145,0.145,0.140,0.140,70000,Decreased,1
1477008000000,20161021,FRONTKN,'0128,0.140,0.140,0.150,0.140,0.145,3105400,Increased,1
1477267200000,20161024,FRONTKN,'0128,0.145,0.145,0.150,0.145,0.145,1242900,No change,0
1477353600000,20161025,FRONTKN,'0128,0.145,0.150,0.150,0.145,0.145,602300,Decreased,1
1477440000000,20161026,FRONTKN,'0128,0.145,0.150,0.150,0.145,0.150,493300,No change,0
1477526400000,20161027,FRONTKN,'0128,0.150,0.145,0.150,0.140,0.150,1560200,Increased,1
1477612800000,20161028,FRONTKN,'0128,0.150,0.145,0.145,0.145,0.145,1508100,No change,0
1477872000000,20161031,FRONTKN,'0128,0.145,0.145,0.150,0.140,0.145,801100,No change,0
1477958400000,20161101,FRONTKN,'0128,0.145,0.140,0.145,0.140,0.145,846100,Increased,1
1478044800000,20161102,FRONTKN,'0128,0.145,0.140,0.145,0.140,0.140,394000,No change,0
1478131200000,20161103,FRONTKN,'0128,0.140,0.140,0.140,0.140,0.140,570000,No change,0
1478217600000,20161104,FRONTKN,'0128,0.140,0.140,0.145,0.140,0.140,704900,No change,0
1478476800000,20161107,FRONTKN,'0128,0.140,0.140,0.145,0.135,0.145,707000,Increased,1
1478563200000,20161108,FRONTKN,'0128,0.145,0.145,0.145,0.140,0.145,883800,No change,0
1478649600000,20161109,FRONTKN,'0128,0.145,0.140,0.140,0.135,0.135,739000,Decreased,1
1478736000000,20161110,FRONTKN,'0128,0.135,0.135,0.145,0.135,0.145,3367400,Increased,2
1478822400000,20161111,FRONTKN,'0128,0.145,0.145,0.150,0.140,0.145,3362100,No change,0
1479081600000,20161114,FRONTKN,'0128,0.145,0.145,0.145,0.140,0.140,453500,Decreased,1
1479168000000,20161115,FRONTKN,'0128,0.140,0.145,0.145,0.140,0.145,820000,No change,0
1479254400000,20161116,FRONTKN,'0128,0.145,0.145,0.145,0.145,0.145,1740300,No change,0
1479340800000,20161117,FRONTKN,'0128,0.145,0.145,0.150,0.145,0.145,516000,No change,0
1479427200000,20161118,FRONTKN,'0128,0.145,0.145,0.150,0.145,0.150,628500,Increased,1
1479686400000,20161121,FRONTKN,'0128,0.150,0.150,0.150,0.145,0.145,737300,Decreased,1
1479772800000,20161122,FRONTKN,'0128,0.145,0.140,0.145,0.140,0.145,2155200,Increased,1
1479859200000,20161123,FRONTKN,'0128,0.145,0.145,0.145,0.145,0.145,1530300,No change,0
1479945600000,20161124,FRONTKN,'0128,0.145,0.145,0.145,0.145,0.145,835000,No change,0
1480032000000,20161125,FRONTKN,'0128,0.145,0.145,0.170,0.145,0.160,26545400,Increased,3
1480291200000,20161128,FRONTKN,'0128,0.160,0.160,0.160,0.150,0.150,7726400,Decreased,2
1480377600000,20161129,FRONTKN,'0128,0.150,0.155,0.155,0.150,0.150,2020400,Decreased,1
1480464000000,20161130,FRONTKN,'0128,0.150,0.155,0.155,0.150,0.150,5772500,Decreased,1
1480550400000,20161201,FRONTKN,'0128,0.150,0.150,0.160,0.150,0.155,4080500,Increased,1
1480636800000,20161202,FRONTKN,'0128,0.155,0.155,0.160,0.150,0.155,3215500,No change,0
1480896000000,20161205,FRONTKN,'0128,0.155,0.155,0.155,0.150,0.150,515600,Decreased,1
1480982400000,20161206,FRONTKN,'0128,0.150,0.150,0.155,0.150,0.155,1155000,Increased,1
1481068800000,20161207,FRONTKN,'0128,0.155,0.155,0.155,0.150,0.150,2237700,Decreased,1
1481155200000,20161208,FRONTKN,'0128,0.150,0.150,0.150,0.150,0.150,327500,No change,0
1481241600000,20161209,FRONTKN,'0128,0.150,0.150,0.155,0.150,0.150,297200,No change,0
1481587200000,20161213,FRONTKN,'0128,0.150,0.155,0.160,0.150,0.160,8341800,Increased,1
1481673600000,20161214,FRONTKN,'0128,0.160,0.160,0.165,0.155,0.165,7912300,Increased,1
1481760000000,20161215,FRONTKN,'0128,0.165,0.160,0.165,0.160,0.165,3836300,Increased,1
1481846400000,20161216,FRONTKN,'0128,0.165,0.165,0.165,0.160,0.160,4288200,Decreased,1
1482105600000,20161219,FRONTKN,'0128,0.160,0.160,0.165,0.155,0.160,6664200,No change,0
1482192000000,20161220,FRONTKN,'0128,0.160,0.165,0.170,0.165,0.170,24422200,Increased,1
1482278400000,20161221,FRONTKN,'0128,0.170,0.170,0.170,0.165,0.165,2286700,Decreased,1
1482364800000,20161222,FRONTKN,'0128,0.165,0.165,0.165,0.160,0.160,5590200,Decreased,1
1482451200000,20161223,FRONTKN,'0128,0.160,0.160,0.165,0.160,0.160,3065100,No change,0
1482796800000,20161227,FRONTKN,'0128,0.160,0.165,0.165,0.160,0.160,2970200,Decreased,1
1482883200000,20161228,FRONTKN,'0128,0.160,0.160,0.160,0.160,0.160,360600,No change,0
1482969600000,20161229,FRONTKN,'0128,0.160,0.160,0.165,0.160,0.160,5402800,No change,0
1483056000000,20161230,FRONTKN,'0128,0.160,0.160,0.180,0.160,0.170,29377400,Increased,2
1483401600000,20170103,FRONTKN,'0128,0.170,0.175,0.180,0.170,0.170,11841800,Decreased,1
1483488000000,20170104,FRONTKN,'0128,0.170,0.175,0.195,0.170,0.190,37659200,Increased,3
1483574400000,20170105,FRONTKN,'0128,0.190,0.185,0.190,0.180,0.185,13046400,No change,0
1483660800000,20170106,FRONTKN,'0128,0.185,0.185,0.190,0.175,0.180,12800200,Decreased,1
1483920000000,20170109,FRONTKN,'0128,0.180,0.180,0.190,0.180,0.190,14375900,Increased,2
1484006400000,20170110,FRONTKN,'0128,0.190,0.190,0.195,0.185,0.185,10960600,Decreased,1
1484092800000,20170111,FRONTKN,'0128,0.185,0.190,0.195,0.180,0.185,19505100,Decreased,1
1484179200000,20170112,FRONTKN,'0128,0.185,0.185,0.195,0.185,0.190,11771400,Increased,1
1484265600000,20170113,FRONTKN,'0128,0.190,0.185,0.190,0.180,0.180,7737500,Decreased,1
1484524800000,20170116,FRONTKN,'0128,0.180,0.180,0.185,0.180,0.180,7581900,No change,0
1484611200000,20170117,FRONTKN,'0128,0.180,0.180,0.185,0.180,0.180,6727600,No change,0
1484697600000,20170118,FRONTKN,'0128,0.180,0.185,0.190,0.180,0.185,10356300,No change,0
1484784000000,20170119,FRONTKN,'0128,0.185,0.185,0.190,0.180,0.185,2719000,No change,0
1484870400000,20170120,FRONTKN,'0128,0.185,0.185,0.185,0.180,0.185,261000,No change,0
1485129600000,20170123,FRONTKN,'0128,0.185,0.180,0.185,0.180,0.185,4713100,Increased,1
1485216000000,20170124,FRONTKN,'0128,0.185,0.180,0.185,0.175,0.175,5003200,Decreased,1
1485302400000,20170125,FRONTKN,'0128,0.175,0.180,0.185,0.175,0.175,5269400,Decreased,1
1485388800000,20170126,FRONTKN,'0128,0.175,0.180,0.180,0.175,0.175,1391900,Decreased,1
1485475200000,20170127,FRONTKN,'0128,0.175,0.175,0.180,0.175,0.175,1234200,No change,0
1485820800000,20170131,FRONTKN,'0128,0.175,0.180,0.185,0.175,0.180,9135500,No change,0
1485993600000,20170202,FRONTKN,'0128,0.180,0.180,0.190,0.180,0.185,8181100,Increased,1
1486080000000,20170203,FRONTKN,'0128,0.185,0.190,0.190,0.185,0.185,1580200,Decreased,1
1486339200000,20170206,FRONTKN,'0128,0.185,0.190,0.195,0.185,0.195,7629900,Increased,1
1486425600000,20170207,FRONTKN,'0128,0.195,0.195,0.195,0.185,0.190,4535200,Decreased,1
1486512000000,20170208,FRONTKN,'0128,0.190,0.190,0.210,0.190,0.210,31727100,Increased,4
1486684800000,20170210,FRONTKN,'0128,0.210,0.215,0.220,0.210,0.210,22660300,Decreased,1
1486944000000,20170213,FRONTKN,'0128,0.210,0.210,0.220,0.210,0.215,19410600,Increased,1
1487030400000,20170214,FRONTKN,'0128,0.215,0.215,0.215,0.205,0.205,12801800,Decreased,2
1487116800000,20170215,FRONTKN,'0128,0.205,0.210,0.215,0.210,0.215,7078700,Increased,1
1487203200000,20170216,FRONTKN,'0128,0.215,0.215,0.215,0.210,0.210,4576700,Decreased,1
1487289600000,20170217,FRONTKN,'0128,0.210,0.210,0.220,0.210,0.215,9337000,Increased,1
1487548800000,20170220,FRONTKN,'0128,0.215,0.220,0.225,0.210,0.215,18625500,Decreased,1
1487635200000,20170221,FRONTKN,'0128,0.215,0.220,0.220,0.210,0.210,5333100,Decreased,2
1487721600000,20170222,FRONTKN,'0128,0.210,0.215,0.220,0.210,0.210,12030100,Decreased,1
1487808000000,20170223,FRONTKN,'0128,0.210,0.215,0.220,0.210,0.215,9565600,No change,0
1487894400000,20170224,FRONTKN,'0128,0.215,0.230,0.240,0.225,0.225,90469000,Decreased,1
1488153600000,20170227,FRONTKN,'0128,0.225,0.225,0.230,0.210,0.220,20659500,Decreased,1
1488240000000,20170228,FRONTKN,'0128,0.220,0.215,0.215,0.205,0.215,16182100,No change,0
1488326400000,20170301,FRONTKN,'0128,0.215,0.215,0.230,0.210,0.230,25520600,Increased,3
1488412800000,20170302,FRONTKN,'0128,0.230,0.235,0.240,0.225,0.230,34434400,Decreased,1
1488499200000,20170303,FRONTKN,'0128,0.230,0.230,0.235,0.220,0.225,20341800,Decreased,1
1488758400000,20170306,FRONTKN,'0128,0.225,0.225,0.230,0.225,0.225,9976900,No change,0
1488844800000,20170307,FRONTKN,'0128,0.225,0.230,0.240,0.225,0.235,27080200,Increased,1
1488931200000,20170308,FRONTKN,'0128,0.235,0.245,0.250,0.240,0.240,67392900,Decreased,1
1489017600000,20170309,FRONTKN,'0128,0.240,0.240,0.255,0.235,0.245,46954600,Increased,1
1489104000000,20170310,FRONTKN,'0128,0.245,0.245,0.250,0.235,0.245,34580000,No change,0
1489363200000,20170313,FRONTKN,'0128,0.245,0.245,0.250,0.240,0.250,11047800,Increased,1
1489449600000,20170314,FRONTKN,'0128,0.250,0.250,0.265,0.245,0.260,49965000,Increased,2
1489536000000,20170315,FRONTKN,'0128,0.260,0.255,0.270,0.255,0.260,37164800,Increased,1
1489622400000,20170316,FRONTKN,'0128,0.260,0.255,0.265,0.255,0.260,20803600,Increased,1
1489708800000,20170317,FRONTKN,'0128,0.260,0.260,0.265,0.260,0.265,10516500,Increased,1
1489968000000,20170320,FRONTKN,'0128,0.265,0.265,0.270,0.255,0.255,24819200,Decreased,2
1490054400000,20170321,FRONTKN,'0128,0.255,0.255,0.260,0.240,0.245,37877600,Decreased,2
1490140800000,20170322,FRONTKN,'0128,0.245,0.235,0.240,0.230,0.235,16254000,No change,0
1490227200000,20170323,FRONTKN,'0128,0.235,0.240,0.255,0.240,0.245,32759100,Increased,1
1490313600000,20170324,FRONTKN,'0128,0.245,0.245,0.250,0.235,0.240,7894600,Decreased,1
1490572800000,20170327,FRONTKN,'0128,0.240,0.240,0.240,0.230,0.235,15231700,Decreased,1
1490659200000,20170328,FRONTKN,'0128,0.235,0.235,0.240,0.235,0.240,4830300,Increased,1
1490745600000,20170329,FRONTKN,'0128,0.240,0.240,0.245,0.235,0.240,7422500,No change,0
1490832000000,20170330,FRONTKN,'0128,0.240,0.240,0.240,0.235,0.235,5393800,Decreased,1
1490918400000,20170331,FRONTKN,'0128,0.235,0.240,0.245,0.235,0.240,17875600,No change,0
1491177600000,20170403,FRONTKN,'0128,0.240,0.240,0.250,0.240,0.245,17928900,Increased,1
1491264000000,20170404,FRONTKN,'0128,0.245,0.245,0.250,0.240,0.245,7916600,No change,0
1491350400000,20170405,FRONTKN,'0128,0.245,0.250,0.250,0.245,0.245,3950200,Decreased,1
1491436800000,20170406,FRONTKN,'0128,0.245,0.245,0.260,0.245,0.255,28664100,Increased,2
1491523200000,20170407,FRONTKN,'0128,0.255,0.255,0.260,0.250,0.255,13319300,No change,0
1491782400000,20170410,FRONTKN,'0128,0.255,0.255,0.255,0.245,0.250,6976800,Decreased,1
1491868800000,20170411,FRONTKN,'0128,0.250,0.250,0.255,0.240,0.245,9309700,Decreased,1
1491955200000,20170412,FRONTKN,'0128,0.245,0.245,0.245,0.235,0.240,14573900,Decreased,1
1492041600000,20170413,FRONTKN,'0128,0.240,0.240,0.245,0.235,0.235,13368500,Decreased,1
1492128000000,20170414,FRONTKN,'0128,0.235,0.235,0.235,0.220,0.230,26002300,Decreased,1
1492387200000,20170417,FRONTKN,'0128,0.230,0.230,0.235,0.230,0.230,5831400,No change,0
1492473600000,20170418,FRONTKN,'0128,0.230,0.235,0.235,0.225,0.230,8250400,Decreased,1
1492560000000,20170419,FRONTKN,'0128,0.230,0.225,0.230,0.225,0.225,6957100,No change,0
1492646400000,20170420,FRONTKN,'0128,0.225,0.225,0.230,0.225,0.230,4133800,Increased,1
1492732800000,20170421,FRONTKN,'0128,0.230,0.230,0.230,0.225,0.225,5060100,Decreased,1
1493078400000,20170425,FRONTKN,'0128,0.225,0.230,0.240,0.230,0.240,11144800,Increased,2
1493164800000,20170426,FRONTKN,'0128,0.240,0.240,0.255,0.240,0.250,37662000,Increased,2
1493251200000,20170427,FRONTKN,'0128,0.250,0.250,0.250,0.240,0.240,6235600,Decreased,2
1493337600000,20170428,FRONTKN,'0128,0.240,0.240,0.250,0.240,0.245,6331000,Increased,1
1493683200000,20170502,FRONTKN,'0128,0.245,0.250,0.250,0.245,0.245,12728100,Decreased,1
1493769600000,20170503,FRONTKN,'0128,0.245,0.245,0.270,0.245,0.260,67941000,Increased,3
1493856000000,20170504,FRONTKN,'0128,0.260,0.260,0.260,0.245,0.250,16628400,Decreased,2
1493942400000,20170505,FRONTKN,'0128,0.250,0.250,0.260,0.250,0.255,16534600,Increased,1
1494201600000,20170508,FRONTKN,'0128,0.255,0.255,0.265,0.255,0.260,16227500,Increased,1
1494288000000,20170509,FRONTKN,'0128,0.260,0.260,0.260,0.245,0.250,15130600,Decreased,2
1494460800000,20170511,FRONTKN,'0128,0.250,0.250,0.255,0.245,0.250,9939500,No change,0
1494547200000,20170512,FRONTKN,'0128,0.250,0.250,0.255,0.245,0.245,7466500,Decreased,1
1494806400000,20170515,FRONTKN,'0128,0.245,0.245,0.250,0.245,0.245,8980500,No change,0
1494892800000,20170516,FRONTKN,'0128,0.245,0.245,0.255,0.245,0.250,10378800,Increased,1
1494979200000,20170517,FRONTKN,'0128,0.250,0.250,0.255,0.245,0.250,9057400,No change,0
1495065600000,20170518,FRONTKN,'0128,0.250,0.245,0.260,0.245,0.255,13764100,Increased,2
1495152000000,20170519,FRONTKN,'0128,0.255,0.260,0.285,0.255,0.285,89080200,Increased,5
1495411200000,20170522,FRONTKN,'0128,0.285,0.290,0.300,0.285,0.290,54505800,No change,0
1495497600000,20170523,FRONTKN,'0128,0.290,0.295,0.295,0.280,0.280,21038100,Decreased,3
1495584000000,20170524,FRONTKN,'0128,0.280,0.270,0.275,0.255,0.260,54530500,Decreased,2
1495670400000,20170525,FRONTKN,'0128,0.260,0.265,0.275,0.260,0.265,22140700,No change,0
1495756800000,20170526,FRONTKN,'0128,0.265,0.270,0.270,0.260,0.265,16836900,Decreased,1
1496016000000,20170529,FRONTKN,'0128,0.265,0.265,0.275,0.260,0.265,24118600,No change,0
1496102400000,20170530,FRONTKN,'0128,0.265,0.270,0.270,0.260,0.265,12819200,Decreased,1
1496188800000,20170531,FRONTKN,'0128,0.265,0.265,0.270,0.260,0.270,15643900,Increased,1
1496275200000,20170601,FRONTKN,'0128,0.270,0.275,0.290,0.270,0.290,36772300,Increased,3
1496361600000,20170602,FRONTKN,'0128,0.290,0.285,0.295,0.280,0.290,27438000,Increased,1
1496620800000,20170605,FRONTKN,'0128,0.290,0.290,0.295,0.285,0.290,20706800,No change,0
1496707200000,20170606,FRONTKN,'0128,0.290,0.290,0.290,0.285,0.290,12414600,No change,0
1496793600000,20170607,FRONTKN,'0128,0.290,0.285,0.320,0.285,0.315,151787200,Increased,6
1496880000000,20170608,FRONTKN,'0128,0.315,0.310,0.320,0.310,0.315,54037400,Increased,1
1496966400000,20170609,FRONTKN,'0128,0.315,0.310,0.330,0.310,0.320,68388000,Increased,2
1497312000000,20170613,FRONTKN,'0128,0.320,0.320,0.320,0.310,0.315,34499400,Decreased,1
1497398400000,20170614,FRONTKN,'0128,0.315,0.315,0.315,0.305,0.310,28147700,Decreased,1
1497484800000,20170615,FRONTKN,'0128,0.310,0.305,0.315,0.305,0.305,34265600,No change,0
1497571200000,20170616,FRONTKN,'0128,0.305,0.305,0.315,0.305,0.310,26493300,Increased,1
1497830400000,20170619,FRONTKN,'0128,0.310,0.310,0.315,0.295,0.295,33173400,Decreased,3
1497916800000,20170620,FRONTKN,'0128,0.295,0.300,0.300,0.290,0.290,12739600,Decreased,2
1498003200000,20170621,FRONTKN,'0128,0.290,0.290,0.290,0.280,0.290,17060300,No change,0
1498089600000,20170622,FRONTKN,'0128,0.290,0.295,0.305,0.290,0.305,28032800,Increased,2
1498176000000,20170623,FRONTKN,'0128,0.305,0.305,0.310,0.300,0.300,10277100,Decreased,1
1498608000000,20170628,FRONTKN,'0128,0.300,0.300,0.305,0.295,0.295,7351900,Decreased,1
1498694400000,20170629,FRONTKN,'0128,0.295,0.300,0.305,0.295,0.300,10028400,No change,0
1498780800000,20170630,FRONTKN,'0128,0.300,0.300,0.305,0.300,0.305,9444300,Increased,1
1499040000000,20170703,FRONTKN,'0128,0.305,0.300,0.345,0.300,0.340,79555900,Increased,8
1499126400000,20170704,FRONTKN,'0128,0.340,0.340,0.345,0.330,0.330,34400700,Decreased,2
1499212800000,20170705,FRONTKN,'0128,0.330,0.330,0.350,0.330,0.345,44122000,Increased,3
1499299200000,20170706,FRONTKN,'0128,0.345,0.350,0.350,0.335,0.335,24406400,Decreased,3
1499385600000,20170707,FRONTKN,'0128,0.335,0.335,0.340,0.325,0.335,18699900,No change,0
1499644800000,20170710,FRONTKN,'0128,0.335,0.340,0.340,0.335,0.340,12671800,No change,0
1499731200000,20170711,FRONTKN,'0128,0.340,0.340,0.340,0.320,0.325,17551600,Decreased,3
1499817600000,20170712,FRONTKN,'0128,0.325,0.325,0.345,0.325,0.345,21291300,Increased,4
1499904000000,20170713,FRONTKN,'0128,0.345,0.350,0.365,0.350,0.365,56654000,Increased,3
1499990400000,20170714,FRONTKN,'0128,0.365,0.370,0.375,0.355,0.355,38154400,Decreased,3
1500249600000,20170717,FRONTKN,'0128,0.355,0.360,0.370,0.355,0.365,29657200,Increased,1
1500336000000,20170718,FRONTKN,'0128,0.365,0.370,0.385,0.365,0.380,57303700,Increased,2
1500422400000,20170719,FRONTKN,'0128,0.380,0.380,0.380,0.365,0.365,27770600,Decreased,3
1500508800000,20170720,FRONTKN,'0128,0.365,0.370,0.395,0.365,0.385,65411800,Increased,3
1500595200000,20170721,FRONTKN,'0128,0.385,0.390,0.395,0.380,0.385,24310100,Decreased,1
1500854400000,20170724,FRONTKN,'0128,0.385,0.390,0.390,0.375,0.380,24587500,Decreased,2
1500940800000,20170725,FRONTKN,'0128,0.380,0.390,0.390,0.375,0.385,21384700,Decreased,1
1501027200000,20170726,FRONTKN,'0128,0.385,0.385,0.385,0.370,0.380,19476100,Decreased,1
1501113600000,20170727,FRONTKN,'0128,0.380,0.375,0.385,0.375,0.385,18908400,Increased,2
1501200000000,20170728,FRONTKN,'0128,0.385,0.380,0.385,0.375,0.375,13296700,Decreased,1
1501459200000,20170731,FRONTKN,'0128,0.375,0.380,0.385,0.375,0.375,13074400,Decreased,1
1501545600000,20170801,FRONTKN,'0128,0.375,0.375,0.400,0.370,0.395,61174800,Increased,4
1501632000000,20170802,FRONTKN,'0128,0.395,0.400,0.415,0.395,0.405,73557700,Increased,1
1501718400000,20170803,FRONTKN,'0128,0.405,0.405,0.405,0.395,0.400,19772300,Decreased,1
1501804800000,20170804,FRONTKN,'0128,0.400,0.400,0.415,0.400,0.410,40212000,Increased,2
1502064000000,20170807,FRONTKN,'0128,0.410,0.415,0.425,0.275,0.330,178809100,Decreased,17
1502150400000,20170808,FRONTKN,'0128,0.330,0.350,0.350,0.290,0.340,158169900,Decreased,2
1502236800000,20170809,FRONTKN,'0128,0.340,0.345,0.345,0.325,0.330,37928200,Decreased,3
1502323200000,20170810,FRONTKN,'0128,0.330,0.330,0.340,0.325,0.325,30676100,Decreased,1
1502409600000,20170811,FRONTKN,'0128,0.325,0.315,0.315,0.305,0.305,31827700,Decreased,2
1502668800000,20170814,FRONTKN,'0128,0.305,0.315,0.345,0.310,0.335,54234700,Increased,4
1502755200000,20170815,FRONTKN,'0128,0.335,0.340,0.355,0.335,0.345,61949500,Increased,1
1502841600000,20170816,FRONTKN,'0128,0.345,0.345,0.355,0.345,0.350,20247300,Increased,1
1502928000000,20170817,FRONTKN,'0128,0.350,0.350,0.360,0.345,0.350,15367700,No change,0
1503014400000,20170818,FRONTKN,'0128,0.350,0.340,0.350,0.335,0.350,14736900,Increased,2
1503273600000,20170821,FRONTKN,'0128,0.350,0.350,0.355,0.340,0.345,20550700,Decreased,1
1503360000000,20170822,FRONTKN,'0128,0.345,0.345,0.350,0.340,0.345,12661300,No change,0
1503446400000,20170823,FRONTKN,'0128,0.345,0.350,0.355,0.345,0.350,15303600,No change,0
1503532800000,20170824,FRONTKN,'0128,0.350,0.350,0.350,0.335,0.340,18999100,Decreased,2
1503619200000,20170825,FRONTKN,'0128,0.340,0.350,0.365,0.340,0.360,72798600,Increased,2
1503878400000,20170828,FRONTKN,'0128,0.360,0.360,0.360,0.345,0.350,18125700,Decreased,2
1503964800000,20170829,FRONTKN,'0128,0.350,0.345,0.350,0.340,0.345,8732900,No change,0
1504051200000,20170830,FRONTKN,'0128,0.345,0.350,0.355,0.345,0.350,5107200,No change,0
1504569600000,20170905,FRONTKN,'0128,0.350,0.350,0.355,0.345,0.350,18407300,No change,0
1504656000000,20170906,FRONTKN,'0128,0.350,0.350,0.375,0.350,0.370,58525100,Increased,4
1504742400000,20170907,FRONTKN,'0128,0.370,0.375,0.395,0.375,0.385,43486500,Increased,2
1504828800000,20170908,FRONTKN,'0128,0.385,0.385,0.395,0.375,0.375,14852200,Decreased,2
1505088000000,20170911,FRONTKN,'0128,0.375,0.380,0.395,0.375,0.390,16684100,Increased,2
1505174400000,20170912,FRONTKN,'0128,0.390,0.390,0.395,0.380,0.390,12060100,No change,0
1505260800000,20170913,FRONTKN,'0128,0.390,0.385,0.390,0.375,0.385,13740900,No change,0
1505347200000,20170914,FRONTKN,'0128,0.385,0.385,0.385,0.375,0.380,7812700,Decreased,1
1505433600000,20170915,FRONTKN,'0128,0.380,0.375,0.385,0.375,0.385,10237400,Increased,2
1505692800000,20170918,FRONTKN,'0128,0.385,0.385,0.385,0.375,0.380,5833600,Decreased,1
1505779200000,20170919,FRONTKN,'0128,0.380,0.380,0.380,0.370,0.375,6891900,Decreased,1
1505865600000,20170920,FRONTKN,'0128,0.375,0.370,0.380,0.365,0.375,10621300,Increased,1
1505952000000,20170921,FRONTKN,'0128,0.375,0.375,0.380,0.365,0.375,8146400,No change,0
1506297600000,20170925,FRONTKN,'0128,0.375,0.375,0.380,0.370,0.380,10007500,Increased,1
1506384000000,20170926,FRONTKN,'0128,0.380,0.375,0.400,0.365,0.395,43917800,Increased,4
1506470400000,20170927,FRONTKN,'0128,0.395,0.405,0.425,0.405,0.405,71227500,No change,0
1506556800000,20170928,FRONTKN,'0128,0.405,0.410,0.410,0.390,0.390,16673900,Decreased,4
1506643200000,20170929,FRONTKN,'0128,0.390,0.390,0.400,0.380,0.385,13691700,Decreased,1
1506902400000,20171002,FRONTKN,'0128,0.385,0.385,0.395,0.375,0.385,19623600,No change,0
1506988800000,20171003,FRONTKN,'0128,0.385,0.385,0.395,0.380,0.390,19467800,Increased,1
1507075200000,20171004,FRONTKN,'0128,0.390,0.390,0.390,0.380,0.380,7085400,Decreased,2
1507161600000,20171005,FRONTKN,'0128,0.380,0.380,0.400,0.380,0.400,34661600,Increased,4
1507248000000,20171006,FRONTKN,'0128,0.400,0.400,0.410,0.395,0.395,22310700,Decreased,1
1507507200000,20171009,FRONTKN,'0128,0.395,0.400,0.410,0.395,0.405,22243900,Increased,1
1507593600000,20171010,FRONTKN,'0128,0.405,0.405,0.410,0.395,0.395,9123400,Decreased,2
1507680000000,20171011,FRONTKN,'0128,0.395,0.400,0.405,0.395,0.400,9258200,No change,0
1507766400000,20171012,FRONTKN,'0128,0.400,0.400,0.400,0.390,0.395,11818300,Decreased,1
1507852800000,20171013,FRONTKN,'0128,0.395,0.395,0.400,0.390,0.390,7533700,Decreased,1
1508112000000,20171016,FRONTKN,'0128,0.390,0.390,0.400,0.390,0.390,7449200,No change,0
1508198400000,20171017,FRONTKN,'0128,0.390,0.395,0.400,0.390,0.395,7942100,No change,0
1508371200000,20171019,FRONTKN,'0128,0.395,0.395,0.405,0.395,0.400,15818100,Increased,1
1508457600000,20171020,FRONTKN,'0128,0.400,0.400,0.400,0.395,0.395,4687900,Decreased,1
1508716800000,20171023,FRONTKN,'0128,0.395,0.400,0.415,0.395,0.405,25359000,Increased,1
1508803200000,20171024,FRONTKN,'0128,0.405,0.410,0.435,0.405,0.425,68908600,Increased,3
1508889600000,20171025,FRONTKN,'0128,0.425,0.430,0.445,0.415,0.435,52907800,Increased,1
1508976000000,20171026,FRONTKN,'0128,0.435,0.440,0.445,0.430,0.430,22982100,Decreased,2
1509062400000,20171027,FRONTKN,'0128,0.430,0.430,0.435,0.425,0.425,6854800,Decreased,1
1509321600000,20171030,FRONTKN,'0128,0.425,0.430,0.435,0.425,0.425,16926500,Decreased,1
1509408000000,20171031,FRONTKN,'0128,0.425,0.430,0.440,0.420,0.425,12884900,Decreased,1
1509494400000,20171101,FRONTKN,'0128,0.425,0.425,0.430,0.415,0.425,16647100,No change,0
1509580800000,20171102,FRONTKN,'0128,0.425,0.425,0.425,0.415,0.420,7491300,Decreased,1
1509667200000,20171103,FRONTKN,'0128,0.420,0.420,0.425,0.410,0.420,16099600,No change,0
1509926400000,20171106,FRONTKN,'0128,0.420,0.420,0.420,0.410,0.410,12114100,Decreased,2
1510012800000,20171107,FRONTKN,'0128,0.410,0.410,0.420,0.405,0.410,12570800,No change,0
1510099200000,20171108,FRONTKN,'0128,0.410,0.410,0.440,0.410,0.435,39589300,Increased,5
1510185600000,20171109,FRONTKN,'0128,0.435,0.440,0.440,0.425,0.430,18397800,Decreased,2
1510272000000,20171110,FRONTKN,'0128,0.430,0.425,0.430,0.425,0.430,9017300,Increased,1
1510531200000,20171113,FRONTKN,'0128,0.430,0.425,0.430,0.415,0.420,9996500,Decreased,1
1510617600000,20171114,FRONTKN,'0128,0.420,0.420,0.435,0.420,0.425,19576000,Increased,1
1510704000000,20171115,FRONTKN,'0128,0.425,0.420,0.420,0.410,0.410,12358000,Decreased,2
1510790400000,20171116,FRONTKN,'0128,0.410,0.410,0.415,0.390,0.390,16519800,Decreased,4
1510876800000,20171117,FRONTKN,'0128,0.390,0.395,0.405,0.390,0.400,9348200,Increased,1
1511136000000,20171120,FRONTKN,'0128,0.400,0.400,0.400,0.380,0.380,10055300,Decreased,4
1511222400000,20171121,FRONTKN,'0128,0.380,0.380,0.385,0.370,0.375,12988600,Decreased,1
1511308800000,20171122,FRONTKN,'0128,0.375,0.390,0.410,0.385,0.405,31139200,Increased,3
1511395200000,20171123,FRONTKN,'0128,0.405,0.405,0.410,0.400,0.400,6289000,Decreased,1
1511481600000,20171124,FRONTKN,'0128,0.400,0.400,0.405,0.395,0.400,13314500,No change,0
1511740800000,20171127,FRONTKN,'0128,0.400,0.405,0.405,0.385,0.385,10119500,Decreased,4
1511827200000,20171128,FRONTKN,'0128,0.385,0.385,0.390,0.375,0.385,8347200,No change,0
1511913600000,20171129,FRONTKN,'0128,0.385,0.390,0.395,0.385,0.390,8027300,No change,0
1512000000000,20171130,FRONTKN,'0128,0.390,0.390,0.395,0.385,0.390,10086900,No change,0
1512345600000,20171204,FRONTKN,'0128,0.390,0.390,0.395,0.370,0.375,13648100,Decreased,3
1512432000000,20171205,FRONTKN,'0128,0.375,0.375,0.375,0.345,0.370,11931100,Decreased,1
1512518400000,20171206,FRONTKN,'0128,0.370,0.370,0.370,0.360,0.360,6949900,Decreased,2
1512604800000,20171207,FRONTKN,'0128,0.360,0.360,0.380,0.360,0.380,16542500,Increased,4
1512691200000,20171208,FRONTKN,'0128,0.380,0.375,0.385,0.375,0.380,9411400,Increased,1
1512950400000,20171211,FRONTKN,'0128,0.380,0.380,0.390,0.375,0.385,6539000,Increased,1
1513036800000,20171212,FRONTKN,'0128,0.385,0.385,0.415,0.385,0.415,32788300,Increased,6
1513123200000,20171213,FRONTKN,'0128,0.415,0.415,0.435,0.410,0.425,52816600,Increased,2
1513209600000,20171214,FRONTKN,'0128,0.425,0.430,0.445,0.425,0.440,28258200,Increased,2
1513296000000,20171215,FRONTKN,'0128,0.440,0.440,0.440,0.420,0.425,7454200,Decreased,3
1513555200000,20171218,FRONTKN,'0128,0.425,0.425,0.475,0.425,0.475,45940300,Increased,10
1513641600000,20171219,FRONTKN,'0128,0.475,0.470,0.470,0.445,0.455,27412700,Decreased,3
1513728000000,20171220,FRONTKN,'0128,0.455,0.450,0.480,0.450,0.465,17974900,Increased,3
1513814400000,20171221,FRONTKN,'0128,0.465,0.470,0.490,0.470,0.485,32592000,Increased,3
1513900800000,20171222,FRONTKN,'0128,0.485,0.485,0.485,0.470,0.480,11584100,Decreased,1
1514246400000,20171226,FRONTKN,'0128,0.480,0.480,0.485,0.470,0.480,9875100,No change,0
1514332800000,20171227,FRONTKN,'0128,0.480,0.475,0.490,0.475,0.490,15248600,Increased,3
1514419200000,20171228,FRONTKN,'0128,0.490,0.495,0.495,0.475,0.480,11034000,Decreased,3
1514505600000,20171229,FRONTKN,'0128,0.480,0.475,0.480,0.460,0.460,8105600,Decreased,3
1514851200000,20180102,FRONTKN,'0128,0.460,0.460,0.490,0.460,0.480,14546600,Increased,4
1514937600000,20180103,FRONTKN,'0128,0.480,0.485,0.505,0.485,0.485,30182600,No change,0
1515024000000,20180104,FRONTKN,'0128,0.485,0.485,0.500,0.485,0.495,15800400,Increased,2
1515110400000,20180105,FRONTKN,'0128,0.495,0.495,0.500,0.485,0.490,8160500,Decreased,1
1515369600000,20180108,FRONTKN,'0128,0.490,0.490,0.495,0.485,0.490,8942000,No change,0
1515456000000,20180109,FRONTKN,'0128,0.490,0.490,0.495,0.475,0.485,10231100,Decreased,1
1515542400000,20180110,FRONTKN,'0128,0.485,0.485,0.525,0.480,0.515,44190100,Increased,6
1515628800000,20180111,FRONTKN,'0128,0.515,0.520,0.525,0.500,0.505,9945300,Decreased,3
1515715200000,20180112,FRONTKN,'0128,0.505,0.505,0.520,0.505,0.515,6362500,Increased,2
1515974400000,20180115,FRONTKN,'0128,0.515,0.515,0.515,0.490,0.490,9257600,Decreased,5
1516060800000,20180116,FRONTKN,'0128,0.490,0.490,0.490,0.455,0.475,14577100,Decreased,3
1516147200000,20180117,FRONTKN,'0128,0.475,0.470,0.480,0.460,0.465,9234600,Decreased,1
1516233600000,20180118,FRONTKN,'0128,0.465,0.470,0.470,0.455,0.470,9482600,No change,0
1516320000000,20180119,FRONTKN,'0128,0.470,0.470,0.480,0.460,0.465,6487900,Decreased,1
1516579200000,20180122,FRONTKN,'0128,0.465,0.470,0.490,0.470,0.475,13861900,Increased,1
1516665600000,20180123,FRONTKN,'0128,0.475,0.480,0.495,0.480,0.490,8266100,Increased,2
1516752000000,20180124,FRONTKN,'0128,0.490,0.490,0.515,0.490,0.495,17886300,Increased,1
1516838400000,20180125,FRONTKN,'0128,0.495,0.495,0.495,0.485,0.490,7621900,Decreased,1
1516924800000,20180126,FRONTKN,'0128,0.490,0.490,0.490,0.475,0.475,6234200,Decreased,3
1517184000000,20180129,FRONTKN,'0128,0.475,0.480,0.495,0.470,0.470,3335200,Decreased,2
1517270400000,20180130,FRONTKN,'0128,0.470,0.470,0.475,0.450,0.455,9881200,Decreased,3
1517529600000,20180202,FRONTKN,'0128,0.455,0.450,0.455,0.435,0.455,7310800,Increased,1
1517788800000,20180205,FRONTKN,'0128,0.455,0.435,0.445,0.425,0.435,12410100,No change,0
1517875200000,20180206,FRONTKN,'0128,0.435,0.415,0.430,0.395,0.430,18246500,Increased,3
1517961600000,20180207,FRONTKN,'0128,0.430,0.440,0.450,0.410,0.410,11442100,Decreased,6
1518048000000,20180208,FRONTKN,'0128,0.410,0.425,0.430,0.410,0.430,4807900,Increased,1
1518134400000,20180209,FRONTKN,'0128,0.430,0.400,0.415,0.395,0.405,12629800,Increased,1
1518393600000,20180212,FRONTKN,'0128,0.405,0.410,0.420,0.400,0.405,5309600,Decreased,1
1518480000000,20180213,FRONTKN,'0128,0.405,0.415,0.415,0.400,0.400,6707000,Decreased,3
1518566400000,20180214,FRONTKN,'0128,0.400,0.400,0.415,0.400,0.410,7078200,Increased,2
1518652800000,20180215,FRONTKN,'0128,0.410,0.410,0.435,0.410,0.435,5687000,Increased,5
1518998400000,20180219,FRONTKN,'0128,0.435,0.440,0.455,0.440,0.450,5948700,Increased,2
1519084800000,20180220,FRONTKN,'0128,0.450,0.455,0.455,0.435,0.445,4543300,Decreased,2
1519171200000,20180221,FRONTKN,'0128,0.445,0.440,0.450,0.435,0.450,4521000,Increased,2
1519257600000,20180222,FRONTKN,'0128,0.450,0.450,0.475,0.450,0.470,14182400,Increased,4
1519344000000,20180223,FRONTKN,'0128,0.470,0.475,0.485,0.470,0.480,9345400,Increased,1
1519603200000,20180226,FRONTKN,'0128,0.480,0.485,0.485,0.445,0.455,13501800,Decreased,6
1519689600000,20180227,FRONTKN,'0128,0.455,0.460,0.470,0.455,0.465,7633900,Increased,1
1519776000000,20180228,FRONTKN,'0128,0.465,0.460,0.475,0.450,0.475,5744900,Increased,3
1519862400000,20180301,FRONTKN,'0128,0.475,0.470,0.470,0.450,0.460,3029100,Decreased,2
1519948800000,20180302,FRONTKN,'0128,0.460,0.450,0.460,0.445,0.460,4753000,Increased,2
1520208000000,20180305,FRONTKN,'0128,0.460,0.460,0.475,0.445,0.455,7284600,Decreased,1
1520294400000,20180306,FRONTKN,'0128,0.455,0.460,0.465,0.445,0.450,7159800,Decreased,2
1520380800000,20180307,FRONTKN,'0128,0.450,0.450,0.450,0.420,0.430,11269100,Decreased,4
1520467200000,20180308,FRONTKN,'0128,0.430,0.430,0.440,0.425,0.430,3481900,No change,0
1520553600000,20180309,FRONTKN,'0128,0.430,0.435,0.440,0.425,0.430,3917900,Decreased,1
1520812800000,20180312,FRONTKN,'0128,0.430,0.435,0.440,0.430,0.435,3317800,No change,0
1520899200000,20180313,FRONTKN,'0128,0.435,0.430,0.435,0.415,0.420,6309600,Decreased,2
1520985600000,20180314,FRONTKN,'0128,0.420,0.420,0.435,0.420,0.430,4590600,Increased,2
1521072000000,20180315,FRONTKN,'0128,0.430,0.425,0.445,0.415,0.440,5641200,Increased,3
1521158400000,20180316,FRONTKN,'0128,0.440,0.440,0.455,0.425,0.450,14910700,Increased,2
1521417600000,20180319,FRONTKN,'0128,0.450,0.450,0.495,0.445,0.490,27026300,Increased,8
1521504000000,20180320,FRONTKN,'0128,0.490,0.485,0.490,0.435,0.445,43308700,Decreased,8
1521590400000,20180321,FRONTKN,'0128,0.445,0.450,0.455,0.440,0.445,7003600,Decreased,1
1521676800000,20180322,FRONTKN,'0128,0.445,0.440,0.445,0.425,0.435,3798200,Decreased,1
1521763200000,20180323,FRONTKN,'0128,0.435,0.420,0.430,0.415,0.425,4477400,Increased,1
1522022400000,20180326,FRONTKN,'0128,0.425,0.425,0.440,0.420,0.435,11910600,Increased,2
1522108800000,20180327,FRONTKN,'0128,0.435,0.440,0.445,0.425,0.435,7411700,Decreased,1
1522195200000,20180328,FRONTKN,'0128,0.435,0.430,0.435,0.425,0.430,3490000,No change,0
1522281600000,20180329,FRONTKN,'0128,0.430,0.425,0.430,0.420,0.430,3181500,Increased,1
1522368000000,20180330,FRONTKN,'0128,0.430,0.425,0.430,0.420,0.420,7612700,Decreased,1
1522627200000,20180402,FRONTKN,'0128,0.420,0.420,0.425,0.395,0.400,10068200,Decreased,4
1522713600000,20180403,FRONTKN,'0128,0.400,0.395,0.415,0.390,0.400,6548400,Increased,1
1522800000000,20180404,FRONTKN,'0128,0.400,0.405,0.410,0.345,0.350,6575400,Decreased,11
1522886400000,20180405,FRONTKN,'0128,0.350,0.370,0.385,0.370,0.380,7760200,Increased,2
1522972800000,20180406,FRONTKN,'0128,0.380,0.380,0.380,0.355,0.365,6258600,Decreased,3
1523232000000,20180409,FRONTKN,'0128,0.365,0.365,0.395,0.360,0.395,10853100,Increased,6
1523318400000,20180410,FRONTKN,'0128,0.395,0.385,0.415,0.385,0.415,12304900,Increased,6
1523404800000,20180411,FRONTKN,'0128,0.415,0.420,0.430,0.410,0.425,9635800,Increased,1
1523491200000,20180412,FRONTKN,'0128,0.425,0.420,0.440,0.415,0.430,5703000,Increased,2
1523577600000,20180413,FRONTKN,'0128,0.430,0.430,0.445,0.420,0.440,12738700,Increased,2
1523836800000,20180416,FRONTKN,'0128,0.440,0.445,0.445,0.430,0.435,4345700,Decreased,2
1523923200000,20180417,FRONTKN,'0128,0.435,0.440,0.455,0.435,0.435,8385400,Decreased,1
1524009600000,20180418,FRONTKN,'0128,0.435,0.440,0.445,0.430,0.440,4180400,No change,0
1524096000000,20180419,FRONTKN,'0128,0.440,0.440,0.450,0.440,0.440,2604700,No change,0
1524182400000,20180420,FRONTKN,'0128,0.440,0.440,0.445,0.420,0.435,5717600,Decreased,1
1524441600000,20180423,FRONTKN,'0128,0.435,0.435,0.435,0.390,0.395,7991400,Decreased,8
1524528000000,20180424,FRONTKN,'0128,0.395,0.400,0.415,0.395,0.405,2860500,Increased,1
1524614400000,20180425,FRONTKN,'0128,0.405,0.400,0.400,0.390,0.400,2067400,No change,0
1524700800000,20180426,FRONTKN,'0128,0.400,0.395,0.420,0.395,0.405,5606300,Increased,2
1524787200000,20180427,FRONTKN,'0128,0.405,0.410,0.420,0.395,0.400,5122100,Decreased,2
1525046400000,20180430,FRONTKN,'0128,0.400,0.400,0.405,0.395,0.400,4673500,No change,0
1525219200000,20180502,FRONTKN,'0128,0.400,0.405,0.405,0.390,0.395,3644900,Decreased,2
1525305600000,20180503,FRONTKN,'0128,0.395,0.395,0.400,0.385,0.395,4529300,No change,0
1525392000000,20180504,FRONTKN,'0128,0.395,0.390,0.390,0.380,0.380,6748500,Decreased,2
1525651200000,20180507,FRONTKN,'0128,0.380,0.375,0.385,0.365,0.385,4260500,Increased,2
1525737600000,20180508,FRONTKN,'0128,0.385,0.375,0.400,0.375,0.400,4416400,Increased,5
1526256000000,20180514,FRONTKN,'0128,0.400,0.400,0.430,0.400,0.425,5886200,Increased,5
1526342400000,20180515,FRONTKN,'0128,0.425,0.430,0.430,0.400,0.420,4233800,Decreased,2
1526428800000,20180516,FRONTKN,'0128,0.420,0.415,0.420,0.410,0.420,2217900,Increased,1
1526515200000,20180517,FRONTKN,'0128,0.420,0.415,0.420,0.405,0.420,4433500,Increased,1
1526601600000,20180518,FRONTKN,'0128,0.420,0.415,0.420,0.410,0.420,1758400,Increased,1
1526860800000,20180521,FRONTKN,'0128,0.420,0.420,0.420,0.405,0.405,2069100,Decreased,3
1526947200000,20180522,FRONTKN,'0128,0.405,0.400,0.415,0.400,0.410,1192200,Increased,2
1527033600000,20180523,FRONTKN,'0128,0.410,0.415,0.415,0.395,0.410,2380900,Decreased,1
1527120000000,20180524,FRONTKN,'0128,0.410,0.405,0.410,0.390,0.405,3447600,No change,0
1527206400000,20180525,FRONTKN,'0128,0.405,0.400,0.420,0.400,0.415,3286500,Increased,3
1527465600000,20180528,FRONTKN,'0128,0.415,0.410,0.410,0.400,0.410,1469000,No change,0
1527638400000,20180530,FRONTKN,'0128,0.410,0.405,0.410,0.395,0.410,3426200,Increased,1
1527724800000,20180531,FRONTKN,'0128,0.410,0.410,0.410,0.400,0.405,1098400,Decreased,1
1527811200000,20180601,FRONTKN,'0128,0.405,0.405,0.415,0.400,0.410,3040100,Increased,1
1528070400000,20180604,FRONTKN,'0128,0.410,0.410,0.425,0.405,0.425,2563100,Increased,3
1528156800000,20180605,FRONTKN,'0128,0.425,0.425,0.450,0.425,0.440,6726500,Increased,3
1528243200000,20180606,FRONTKN,'0128,0.440,0.440,0.450,0.425,0.435,7239500,Decreased,1
1528329600000,20180607,FRONTKN,'0128,0.435,0.435,0.445,0.430,0.435,4578500,No change,0
1528416000000,20180608,FRONTKN,'0128,0.435,0.435,0.435,0.430,0.435,2993300,No change,0
1528675200000,20180611,FRONTKN,'0128,0.435,0.435,0.445,0.430,0.445,3314800,Increased,2
1528761600000,20180612,FRONTKN,'0128,0.445,0.450,0.475,0.445,0.470,46287500,Increased,4
1528848000000,20180613,FRONTKN,'0128,0.470,0.470,0.470,0.460,0.465,5299200,Decreased,1
1528934400000,20180614,FRONTKN,'0128,0.465,0.470,0.470,0.460,0.470,1833900,No change,0
1529280000000,20180618,FRONTKN,'0128,0.470,0.465,0.465,0.455,0.460,2380000,Decreased,1
1529366400000,20180619,FRONTKN,'0128,0.460,0.460,0.470,0.440,0.445,7434600,Decreased,3
1529452800000,20180620,FRONTKN,'0128,0.445,0.445,0.460,0.445,0.450,2029900,Increased,1
1529539200000,20180621,FRONTKN,'0128,0.450,0.455,0.455,0.430,0.430,2686600,Decreased,5
1529625600000,20180622,FRONTKN,'0128,0.430,0.430,0.445,0.430,0.445,1514400,Increased,3
1529884800000,20180625,FRONTKN,'0128,0.445,0.445,0.445,0.435,0.435,2220600,Decreased,2
1529971200000,20180626,FRONTKN,'0128,0.435,0.435,0.440,0.430,0.435,2048200,No change,0
1530057600000,20180627,FRONTKN,'0128,0.435,0.440,0.445,0.430,0.430,2786600,Decreased,2
1530144000000,20180628,FRONTKN,'0128,0.430,0.430,0.435,0.420,0.425,2253000,Decreased,1
1530230400000,20180629,FRONTKN,'0128,0.425,0.425,0.435,0.425,0.425,3376900,No change,0
1530489600000,20180702,FRONTKN,'0128,0.425,0.425,0.435,0.425,0.425,1708700,No change,0
1530576000000,20180703,FRONTKN,'0128,0.425,0.430,0.450,0.430,0.440,4129100,Increased,2
1530662400000,20180704,FRONTKN,'0128,0.440,0.445,0.460,0.440,0.455,6968800,Increased,2
1530748800000,20180705,FRONTKN,'0128,0.455,0.460,0.470,0.460,0.460,6889700,No change,0
1530835200000,20180706,FRONTKN,'0128,0.460,0.460,0.460,0.440,0.460,4990900,No change,0
1531094400000,20180709,FRONTKN,'0128,0.460,0.460,0.465,0.455,0.460,3499900,No change,0
1531180800000,20180710,FRONTKN,'0128,0.460,0.465,0.470,0.460,0.465,2026000,No change,0
1531267200000,20180711,FRONTKN,'0128,0.465,0.465,0.465,0.450,0.465,2277500,No change,0
1531353600000,20180712,FRONTKN,'0128,0.465,0.465,0.475,0.455,0.465,6179900,No change,0
1531440000000,20180713,FRONTKN,'0128,0.465,0.470,0.475,0.465,0.465,4255800,Decreased,1
1531699200000,20180716,FRONTKN,'0128,0.465,0.470,0.510,0.465,0.505,39048900,Increased,7
1531785600000,20180717,FRONTKN,'0128,0.505,0.500,0.505,0.480,0.490,15353300,Decreased,2
1531872000000,20180718,FRONTKN,'0128,0.490,0.490,0.495,0.485,0.495,4045800,Increased,1
1531958400000,20180719,FRONTKN,'0128,0.495,0.500,0.510,0.490,0.495,10496500,Decreased,1
1532044800000,20180720,FRONTKN,'0128,0.495,0.495,0.495,0.485,0.495,6883900,No change,0
1532304000000,20180723,FRONTKN,'0128,0.495,0.490,0.515,0.485,0.505,14832600,Increased,3
1532390400000,20180724,FRONTKN,'0128,0.505,0.510,0.530,0.510,0.525,18331600,Increased,3
1532476800000,20180725,FRONTKN,'0128,0.525,0.530,0.535,0.525,0.530,8421900,No change,0
1532563200000,20180726,FRONTKN,'0128,0.530,0.530,0.530,0.520,0.525,8680900,Decreased,1
1532649600000,20180727,FRONTKN,'0128,0.525,0.525,0.555,0.520,0.550,11992700,Increased,5
1532908800000,20180730,FRONTKN,'0128,0.550,0.545,0.550,0.525,0.540,13980400,Decreased,1
1532995200000,20180731,FRONTKN,'0128,0.540,0.540,0.565,0.535,0.545,13910900,Increased,1
1533081600000,20180801,FRONTKN,'0128,0.545,0.555,0.560,0.550,0.560,5568500,Increased,1
1533168000000,20180802,FRONTKN,'0128,0.560,0.560,0.570,0.545,0.565,8635500,Increased,1
1533254400000,20180803,FRONTKN,'0128,0.565,0.565,0.565,0.550,0.560,3789100,Decreased,1
1533513600000,20180806,FRONTKN,'0128,0.560,0.550,0.610,0.550,0.600,39463200,Increased,10
1533600000000,20180807,FRONTKN,'0128,0.600,0.605,0.680,0.605,0.640,160078100,Increased,7
1533686400000,20180808,FRONTKN,'0128,0.640,0.645,0.705,0.630,0.680,52074800,Increased,7
1533772800000,20180809,FRONTKN,'0128,0.680,0.685,0.715,0.675,0.700,53120700,Increased,3
1533859200000,20180810,FRONTKN,'0128,0.700,0.700,0.735,0.690,0.715,36279200,Increased,3
1534118400000,20180813,FRONTKN,'0128,0.715,0.710,0.740,0.700,0.740,26245900,Increased,6
1534204800000,20180814,FRONTKN,'0128,0.740,0.740,0.800,0.740,0.750,72575300,Increased,2
1534291200000,20180815,FRONTKN,'0128,0.750,0.755,0.775,0.750,0.760,23294100,Increased,1
1534377600000,20180816,FRONTKN,'0128,0.760,0.755,0.765,0.730,0.745,20361000,Decreased,2
1534464000000,20180817,FRONTKN,'0128,0.745,0.750,0.765,0.740,0.755,22591600,Increased,1
1534723200000,20180820,FRONTKN,'0128,0.755,0.760,0.830,0.750,0.825,52567800,Increased,13
1534809600000,20180821,FRONTKN,'0128,0.825,0.830,0.850,0.815,0.830,35365200,No change,0
1534982400000,20180823,FRONTKN,'0128,0.830,0.825,0.865,0.825,0.835,25906500,Increased,2
1535068800000,20180824,FRONTKN,'0128,0.835,0.835,0.860,0.830,0.855,12719900,Increased,4
1535328000000,20180827,FRONTKN,'0128,0.855,0.850,0.875,0.830,0.835,11761900,Decreased,3
1535414400000,20180828,FRONTKN,'0128,0.835,0.835,0.865,0.810,0.860,17702300,Increased,5
1535500800000,20180829,FRONTKN,'0128,0.860,0.860,0.865,0.835,0.840,9700000,Decreased,4
1535587200000,20180830,FRONTKN,'0128,0.840,0.845,0.870,0.835,0.860,13776600,Increased,3
1535932800000,20180903,FRONTKN,'0128,0.860,0.860,0.860,0.835,0.855,7225300,Decreased,1
1536019200000,20180904,FRONTKN,'0128,0.855,0.860,0.890,0.850,0.865,14240600,Increased,1
1536105600000,20180905,FRONTKN,'0128,0.865,0.865,0.880,0.860,0.870,10953700,Increased,1
1536192000000,20180906,FRONTKN,'0128,0.870,0.870,0.925,0.865,0.920,22308600,Increased,10
1536278400000,20180907,FRONTKN,'0128,0.920,0.925,0.960,0.915,0.920,20899400,Decreased,1
1536710400000,20180912,FRONTKN,'0128,0.920,0.925,0.945,0.870,0.895,13215700,Decreased,6
1536796800000,20180913,FRONTKN,'0128,0.895,0.895,0.915,0.835,0.850,19050800,Decreased,9
1536883200000,20180914,FRONTKN,'0128,0.850,0.850,0.905,0.845,0.895,15898600,Increased,9
1537228800000,20180918,FRONTKN,'0128,0.895,0.890,0.890,0.860,0.880,6222600,Decreased,2
1537315200000,20180919,FRONTKN,'0128,0.880,0.880,0.900,0.870,0.885,5937300,Increased,1
1537401600000,20180920,FRONTKN,'0128,0.885,0.880,0.890,0.860,0.865,6840100,Decreased,3
1537488000000,20180921,FRONTKN,'0128,0.865,0.865,0.885,0.850,0.850,5262000,Decreased,3
1537747200000,20180924,FRONTKN,'0128,0.850,0.855,0.880,0.835,0.870,10330900,Increased,3
1537833600000,20180925,FRONTKN,'0128,0.870,0.875,0.935,0.875,0.915,33533800,Increased,8
1537920000000,20180926,FRONTKN,'0128,0.915,0.920,0.930,0.900,0.915,14612400,Decreased,1
1538006400000,20180927,FRONTKN,'0128,0.915,0.915,0.945,0.910,0.925,15926300,Increased,2
1538092800000,20180928,FRONTKN,'0128,0.925,0.930,0.940,0.895,0.910,11815200,Decreased,4
1538352000000,20181001,FRONTKN,'0128,0.910,0.920,0.935,0.905,0.935,10861500,Increased,3
1538438400000,20181002,FRONTKN,'0128,0.935,0.930,0.945,0.910,0.920,9588900,Decreased,2
1538524800000,20181003,FRONTKN,'0128,0.920,0.910,0.930,0.905,0.920,5941200,Increased,2
1538611200000,20181004,FRONTKN,'0128,0.920,0.920,0.935,0.900,0.905,6793800,Decreased,3
1538697600000,20181005,FRONTKN,'0128,0.905,0.905,0.905,0.875,0.890,7409900,Decreased,3
1538956800000,20181008,FRONTKN,'0128,0.890,0.890,0.920,0.885,0.915,4371300,Increased,5
1539043200000,20181009,FRONTKN,'0128,0.915,0.915,0.915,0.885,0.900,2807600,Decreased,3
1539129600000,20181010,FRONTKN,'0128,0.900,0.885,0.900,0.865,0.875,6991200,Decreased,2
1539216000000,20181011,FRONTKN,'0128,0.875,0.820,0.865,0.790,0.835,11236000,Increased,3
1539302400000,20181012,FRONTKN,'0128,0.835,0.830,0.880,0.830,0.875,10458200,Increased,9
1539561600000,20181015,FRONTKN,'0128,0.875,0.880,0.905,0.880,0.880,10260500,No change,0
1539648000000,20181016,FRONTKN,'0128,0.880,0.885,0.895,0.875,0.880,3893600,Decreased,1
1539734400000,20181017,FRONTKN,'0128,0.880,0.900,0.965,0.900,0.945,25259900,Increased,9
1539820800000,20181018,FRONTKN,'0128,0.945,0.945,0.995,0.945,0.970,26327000,Increased,5
1539907200000,20181019,FRONTKN,'0128,0.970,0.965,0.990,0.955,0.960,12817700,Decreased,1
1540166400000,20181022,FRONTKN,'0128,0.960,0.965,0.980,0.955,0.965,6755600,No change,0
1540252800000,20181023,FRONTKN,'0128,0.965,0.960,0.970,0.915,0.935,9985200,Decreased,5
1540339200000,20181024,FRONTKN,'0128,0.935,0.935,0.960,0.845,0.885,20986700,Decreased,10
1540425600000,20181025,FRONTKN,'0128,0.885,0.840,0.845,0.760,0.820,52529000,Decreased,4
1540512000000,20181026,FRONTKN,'0128,0.820,0.850,0.865,0.785,0.790,28405300,Decreased,12
1540771200000,20181029,FRONTKN,'0128,0.790,0.795,0.805,0.725,0.750,20245300,Decreased,9
1540857600000,20181030,FRONTKN,'0128,0.750,0.740,0.790,0.720,0.775,27716500,Increased,7
1540944000000,20181031,FRONTKN,'0128,0.775,0.785,0.840,0.780,0.830,34969900,Increased,9
1541030400000,20181101,FRONTKN,'0128,0.830,0.845,0.860,0.815,0.825,24650600,Decreased,4
1541116800000,20181102,FRONTKN,'0128,0.825,0.820,0.870,0.815,0.845,25377800,Increased,5
1541376000000,20181105,FRONTKN,'0128,0.845,0.845,0.855,0.830,0.845,7149600,No change,0
1541548800000,20181107,FRONTKN,'0128,0.845,0.845,0.845,0.805,0.830,17620500,Decreased,3
1541635200000,20181108,FRONTKN,'0128,0.830,0.865,0.890,0.865,0.880,31351300,Increased,3
1541721600000,20181109,FRONTKN,'0128,0.880,0.880,0.885,0.845,0.860,7163800,Decreased,4
1541980800000,20181112,FRONTKN,'0128,0.860,0.855,0.870,0.845,0.860,6980700,Increased,1
1542067200000,20181113,FRONTKN,'0128,0.860,0.830,0.855,0.825,0.845,7371600,Increased,3
1542153600000,20181114,FRONTKN,'0128,0.845,0.840,0.845,0.815,0.825,12053800,Decreased,3
1542240000000,20181115,FRONTKN,'0128,0.825,0.820,0.875,0.815,0.870,16166900,Increased,10
1542326400000,20181116,FRONTKN,'0128,0.870,0.880,0.890,0.860,0.865,11662300,Decreased,3
1542585600000,20181119,FRONTKN,'0128,0.865,0.865,0.870,0.835,0.850,5248800,Decreased,3
1542758400000,20181121,FRONTKN,'0128,0.850,0.815,0.860,0.810,0.845,8138700,Increased,6
1542844800000,20181122,FRONTKN,'0128,0.845,0.845,0.850,0.825,0.835,8167500,Decreased,2
1542931200000,20181123,FRONTKN,'0128,0.835,0.830,0.835,0.815,0.830,6686700,No change,0
1543190400000,20181126,FRONTKN,'0128,0.830,0.830,0.840,0.820,0.840,6203600,Increased,2
1543276800000,20181127,FRONTKN,'0128,0.840,0.825,0.835,0.795,0.800,8661300,Decreased,5
1543363200000,20181128,FRONTKN,'0128,0.800,0.800,0.830,0.800,0.820,6612100,Increased,4
1543449600000,20181129,FRONTKN,'0128,0.820,0.830,0.835,0.800,0.810,6794000,Decreased,4
1543536000000,20181130,FRONTKN,'0128,0.810,0.815,0.820,0.795,0.810,5263600,Decreased,1
1543795200000,20181203,FRONTKN,'0128,0.810,0.820,0.860,0.820,0.850,10881700,Increased,6
1543881600000,20181204,FRONTKN,'0128,0.850,0.850,0.850,0.820,0.825,4041100,Decreased,5
1543968000000,20181205,FRONTKN,'0128,0.825,0.815,0.815,0.800,0.810,4788500,Decreased,1
1544054400000,20181206,FRONTKN,'0128,0.810,0.805,0.810,0.780,0.785,7642700,Decreased,4
1544140800000,20181207,FRONTKN,'0128,0.785,0.785,0.795,0.775,0.780,3478300,Decreased,1
1544400000000,20181210,FRONTKN,'0128,0.780,0.760,0.770,0.740,0.745,6786800,Decreased,3
1544486400000,20181211,FRONTKN,'0128,0.745,0.755,0.775,0.750,0.770,4473300,Increased,3
1544572800000,20181212,FRONTKN,'0128,0.770,0.765,0.780,0.745,0.770,5845000,Increased,1
1544659200000,20181213,FRONTKN,'0128,0.770,0.770,0.775,0.750,0.755,3214800,Decreased,3
1544745600000,20181214,FRONTKN,'0128,0.755,0.755,0.755,0.730,0.735,4139600,Decreased,4
1545004800000,20181217,FRONTKN,'0128,0.735,0.730,0.730,0.625,0.635,16639100,Decreased,19
1545091200000,20181218,FRONTKN,'0128,0.635,0.610,0.640,0.575,0.640,18642600,Increased,6
1545177600000,20181219,FRONTKN,'0128,0.640,0.650,0.675,0.650,0.670,12576100,Increased,4
1545264000000,20181220,FRONTKN,'0128,0.670,0.650,0.730,0.635,0.730,15966900,Increased,16
1545350400000,20181221,FRONTKN,'0128,0.730,0.715,0.760,0.710,0.725,9873900,Increased,2
1545609600000,20181224,FRONTKN,'0128,0.725,0.720,0.725,0.705,0.720,3232500,No change,0
1545782400000,20181226,FRONTKN,'0128,0.720,0.705,0.715,0.670,0.715,3778900,Increased,2
1545868800000,20181227,FRONTKN,'0128,0.715,0.740,0.745,0.710,0.720,5481300,Decreased,4
1545955200000,20181228,FRONTKN,'0128,0.720,0.720,0.730,0.705,0.710,3383800,Decreased,2
1546214400000,20181231,FRONTKN,'0128,0.710,0.710,0.730,0.705,0.705,3862800,Decreased,1
1546387200000,20190102,FRONTKN,'0128,0.705,0.715,0.720,0.690,0.700,3268700,Decreased,3
1546473600000,20190103,FRONTKN,'0128,0.700,0.700,0.710,0.685,0.695,4510100,Decreased,1
1546560000000,20190104,FRONTKN,'0128,0.695,0.685,0.685,0.665,0.685,4871700,No change,0
1546819200000,20190107,FRONTKN,'0128,0.685,0.695,0.740,0.690,0.740,10649500,Increased,9
1546905600000,20190108,FRONTKN,'0128,0.740,0.745,0.770,0.740,0.770,9437300,Increased,5
1546992000000,20190109,FRONTKN,'0128,0.770,0.765,0.795,0.760,0.775,7726700,Increased,2
1547078400000,20190110,FRONTKN,'0128,0.775,0.780,0.785,0.760,0.770,11446400,Decreased,2
1547164800000,20190111,FRONTKN,'0128,0.770,0.770,0.785,0.750,0.750,4265900,Decreased,4
1547424000000,20190114,FRONTKN,'0128,0.750,0.760,0.760,0.720,0.735,3356000,Decreased,5
1547510400000,20190115,FRONTKN,'0128,0.735,0.730,0.750,0.700,0.705,13803600,Decreased,5
1547596800000,20190116,FRONTKN,'0128,0.705,0.715,0.735,0.710,0.720,4988400,Increased,1
1547683200000,20190117,FRONTKN,'0128,0.720,0.720,0.750,0.715,0.715,13662800,Decreased,1
1547769600000,20190118,FRONTKN,'0128,0.715,0.715,0.730,0.710,0.720,5138600,Increased,1
1548115200000,20190122,FRONTKN,'0128,0.720,0.725,0.730,0.705,0.720,5852000,Decreased,1
1548201600000,20190123,FRONTKN,'0128,0.720,0.710,0.725,0.700,0.715,3342200,Increased,1
1548288000000,20190124,FRONTKN,'0128,0.715,0.715,0.780,0.715,0.770,19273800,Increased,11
1548374400000,20190125,FRONTKN,'0128,0.770,0.775,0.790,0.765,0.780,14068600,Increased,1
1548633600000,20190128,FRONTKN,'0128,0.780,0.785,0.810,0.770,0.785,9328400,No change,0
1548720000000,20190129,FRONTKN,'0128,0.785,0.780,0.790,0.770,0.780,5153400,No change,0
1548806400000,20190130,FRONTKN,'0128,0.780,0.780,0.830,0.780,0.830,14192000,Increased,10
1548892800000,20190131,FRONTKN,'0128,0.830,0.840,0.865,0.835,0.845,19273200,Increased,1
1549238400000,20190204,FRONTKN,'0128,0.845,0.845,0.855,0.830,0.840,1351900,Decreased,1
1549497600000,20190207,FRONTKN,'0128,0.840,0.850,0.900,0.835,0.890,11632000,Increased,8
1549584000000,20190208,FRONTKN,'0128,0.890,0.890,0.890,0.860,0.870,5876200,Decreased,4
1549843200000,20190211,FRONTKN,'0128,0.870,0.870,0.895,0.870,0.870,9855600,No change,0
1549929600000,20190212,FRONTKN,'0128,0.870,0.880,0.920,0.875,0.905,38887300,Increased,5
1550016000000,20190213,FRONTKN,'0128,0.905,0.915,0.925,0.875,0.890,18825900,Decreased,5
1550102400000,20190214,FRONTKN,'0128,0.890,0.895,0.955,0.895,0.950,35915400,Increased,11
1550188800000,20190215,FRONTKN,'0128,0.950,0.945,0.955,0.925,0.940,11557300,Decreased,1
1550448000000,20190218,FRONTKN,'0128,0.940,0.945,0.985,0.935,0.945,14832200,No change,0
1550534400000,20190219,FRONTKN,'0128,0.945,0.950,0.970,0.950,0.955,6466600,Increased,1
1550620800000,20190220,FRONTKN,'0128,0.955,0.960,0.975,0.955,0.970,8224000,Increased,2
1550707200000,20190221,FRONTKN,'0128,0.970,0.970,0.970,0.955,0.965,5795000,Decreased,1
1550793600000,20190222,FRONTKN,'0128,0.965,0.960,0.965,0.940,0.960,6688000,No change,0
1551052800000,20190225,FRONTKN,'0128,0.960,0.965,0.980,0.950,0.960,8251300,Decreased,1
1551139200000,20190226,FRONTKN,'0128,0.960,0.960,0.960,0.915,0.925,7667700,Decreased,7
1551225600000,20190227,FRONTKN,'0128,0.925,0.920,0.935,0.915,0.935,4892800,Increased,3
1551312000000,20190228,FRONTKN,'0128,0.935,0.935,0.945,0.920,0.935,3001500,No change,0
1551398400000,20190301,FRONTKN,'0128,0.935,0.925,0.940,0.915,0.930,6431000,Increased,1
1551657600000,20190304,FRONTKN,'0128,0.930,0.930,0.945,0.915,0.930,9205000,No change,0
1551744000000,20190305,FRONTKN,'0128,0.930,0.930,0.970,0.925,0.955,10903100,Increased,5
1551830400000,20190306,FRONTKN,'0128,0.955,0.965,1.010,0.960,0.975,37995600,Increased,2
1551916800000,20190307,FRONTKN,'0128,0.975,0.975,0.990,0.950,0.960,8283600,Decreased,3
1552003200000,20190308,FRONTKN,'0128,0.960,0.955,1.000,0.945,1.000,16229800,Increased,9
1552262400000,20190311,FRONTKN,'0128,1.000,1.010,1.040,0.965,0.995,18789700,Decreased,2
1552348800000,20190312,FRONTKN,'0128,0.995,1.000,1.000,0.965,0.965,10283200,Decreased,7
1552435200000,20190313,FRONTKN,'0128,0.965,0.965,0.975,0.960,0.965,3857900,No change,0
1552521600000,20190314,FRONTKN,'0128,0.965,0.965,0.965,0.945,0.960,6860600,Decreased,1
1552608000000,20190315,FRONTKN,'0128,0.960,0.955,0.965,0.945,0.960,5639000,Increased,1
1552867200000,20190318,FRONTKN,'0128,0.960,0.965,0.975,0.950,0.970,11832100,Increased,1
1552953600000,20190319,FRONTKN,'0128,0.970,0.970,0.970,0.950,0.960,4174100,Decreased,2
1553040000000,20190320,FRONTKN,'0128,0.960,0.955,0.960,0.920,0.930,6301700,Decreased,5
1553126400000,20190321,FRONTKN,'0128,0.930,0.930,0.955,0.930,0.950,4183400,Increased,4
1553212800000,20190322,FRONTKN,'0128,0.950,0.955,0.965,0.940,0.965,4642200,Increased,2
1553472000000,20190325,FRONTKN,'0128,0.965,0.950,0.955,0.940,0.945,6077800,Decreased,1
1553558400000,20190326,FRONTKN,'0128,0.945,0.945,0.960,0.945,0.950,7171900,Increased,1
1553644800000,20190327,FRONTKN,'0128,0.950,0.955,0.960,0.940,0.950,3385200,Decreased,1
1553731200000,20190328,FRONTKN,'0128,0.950,0.950,0.975,0.945,0.970,6276400,Increased,4
1553817600000,20190329,FRONTKN,'0128,0.970,0.975,1.030,0.975,0.990,27666400,Increased,3
1554076800000,20190401,FRONTKN,'0128,0.990,1.000,1.010,0.980,0.990,8023100,Decreased,2
1554163200000,20190402,FRONTKN,'0128,0.990,0.995,1.010,0.985,0.990,8488700,Decreased,1
1554249600000,20190403,FRONTKN,'0128,0.990,0.990,1.080,0.985,1.050,36801900,Increased,7
1554336000000,20190404,FRONTKN,'0128,1.050,1.050,1.110,1.050,1.100,30531500,Increased,5
1554422400000,20190405,FRONTKN,'0128,1.100,1.110,1.150,1.100,1.140,13019900,Increased,3
1554681600000,20190408,FRONTKN,'0128,1.140,1.140,1.180,1.140,1.150,8096900,Increased,1
1554768000000,20190409,FRONTKN,'0128,1.150,1.160,1.160,1.120,1.130,6527200,Decreased,3
1554854400000,20190410,FRONTKN,'0128,1.130,1.120,1.230,1.110,1.220,20686600,Increased,10
1554940800000,20190411,FRONTKN,'0128,1.220,1.220,1.250,1.160,1.180,10868300,Decreased,4
1555027200000,20190412,FRONTKN,'0128,1.180,1.180,1.220,1.180,1.220,4383200,Increased,4
1555286400000,20190415,FRONTKN,'0128,1.220,1.230,1.230,1.170,1.190,4360300,Decreased,4
1555372800000,20190416,FRONTKN,'0128,1.190,1.190,1.200,1.150,1.160,8509700,Decreased,3
1555459200000,20190417,FRONTKN,'0128,1.160,1.170,1.260,1.160,1.240,17371800,Increased,7
1555545600000,20190418,FRONTKN,'0128,1.240,1.230,1.280,1.210,1.280,8387100,Increased,5
1555632000000,20190419,FRONTKN,'0128,1.280,1.280,1.320,1.260,1.270,10880300,Decreased,1
1555891200000,20190422,FRONTKN,'0128,1.270,1.270,1.310,1.250,1.280,8582600,Increased,1
1555977600000,20190423,FRONTKN,'0128,1.280,1.290,1.350,1.280,1.310,15244100,Increased,2
1556064000000,20190424,FRONTKN,'0128,1.310,1.330,1.380,1.320,1.330,12379300,No change,0
1556150400000,20190425,FRONTKN,'0128,1.330,1.350,1.430,1.350,1.400,14392700,Increased,5
1556236800000,20190426,FRONTKN,'0128,1.400,1.400,1.400,1.350,1.370,5543300,Decreased,3
1556496000000,20190429,FRONTKN,'0128,1.370,1.370,1.370,1.330,1.340,4745400,Decreased,3
1556582400000,20190430,FRONTKN,'0128,1.340,1.350,1.400,1.340,1.380,13752400,Increased,3
1556755200000,20190502,FRONTKN,'0128,1.380,1.380,1.400,1.330,1.360,10315600,Decreased,2
1556841600000,20190503,FRONTKN,'0128,1.360,1.350,1.370,1.330,1.350,8848800,No change,0
1557100800000,20190506,FRONTKN,'0128,1.350,1.330,1.330,1.220,1.280,23044300,Decreased,5
1557187200000,20190507,FRONTKN,'0128,1.280,1.300,1.360,1.290,1.320,18666400,Increased,2
1557273600000,20190508,FRONTKN,'0128,1.320,1.290,1.340,1.270,1.320,9603100,Increased,3
1557360000000,20190509,FRONTKN,'0128,1.320,1.330,1.400,1.310,1.390,24425600,Increased,6
1557446400000,20190510,FRONTKN,'0128,1.390,1.400,1.460,1.380,1.410,18920100,Increased,1
1557705600000,20190513,FRONTKN,'0128,1.410,1.410,1.420,1.350,1.390,10137900,Decreased,2
1557792000000,20190514,FRONTKN,'0128,1.390,1.350,1.390,1.330,1.370,8138300,Increased,2
1557878400000,20190515,FRONTKN,'0128,1.370,1.390,1.460,1.380,1.440,15157700,Increased,5
1557964800000,20190516,FRONTKN,'0128,1.440,1.460,1.490,1.430,1.470,7239300,Increased,1
1558051200000,20190517,FRONTKN,'0128,1.470,1.480,1.520,1.400,1.420,14728400,Decreased,6
1558396800000,20190521,FRONTKN,'0128,1.420,1.390,1.390,1.320,1.340,19222600,Decreased,5
1558569600000,20190523,FRONTKN,'0128,1.340,1.320,1.340,1.260,1.270,11897500,Decreased,5
1558656000000,20190524,FRONTKN,'0128,1.270,1.260,1.310,1.250,1.290,10660800,Increased,3
1558915200000,20190527,FRONTKN,'0128,1.290,1.300,1.310,1.240,1.260,6410600,Decreased,4
1559001600000,20190528,FRONTKN,'0128,1.260,1.250,1.310,1.250,1.280,5398000,Increased,3
1559088000000,20190529,FRONTKN,'0128,1.280,1.280,1.320,1.260,1.270,5623800,Decreased,1
1559174400000,20190530,FRONTKN,'0128,1.270,1.270,1.300,1.260,1.290,3579200,Increased,2
1559260800000,20190531,FRONTKN,'0128,1.290,1.290,1.330,1.260,1.260,8201800,Decreased,3
1559520000000,20190603,FRONTKN,'0128,1.260,1.260,1.290,1.250,1.280,7303300,Increased,2
1559606400000,20190604,FRONTKN,'0128,1.280,1.260,1.290,1.260,1.280,1240800,Increased,2
1559865600000,20190607,FRONTKN,'0128,1.280,1.300,1.300,1.260,1.260,5270000,Decreased,4
1560124800000,20190610,FRONTKN,'0128,1.260,1.280,1.350,1.280,1.350,10625200,Increased,7
1560211200000,20190611,FRONTKN,'0128,1.350,1.360,1.400,1.330,1.360,10798800,No change,0
1560297600000,20190612,FRONTKN,'0128,1.360,1.360,1.400,1.350,1.380,8408200,Increased,2
1560384000000,20190613,FRONTKN,'0128,1.380,1.380,1.440,1.360,1.430,9030000,Increased,5
1560470400000,20190614,FRONTKN,'0128,1.430,1.430,1.440,1.370,1.370,5857200,Decreased,6
1560729600000,20190617,FRONTKN,'0128,1.370,1.370,1.390,1.350,1.350,4218400,Decreased,2
1560816000000,20190618,FRONTKN,'0128,1.350,1.350,1.350,1.310,1.320,3842200,Decreased,3
1560902400000,20190619,FRONTKN,'0128,1.320,1.370,1.370,1.320,1.330,3719900,Decreased,4
1560988800000,20190620,FRONTKN,'0128,1.330,1.340,1.350,1.300,1.340,5083900,No change,0
1561075200000,20190621,FRONTKN,'0128,1.340,1.340,1.350,1.320,1.330,5078900,Decreased,1
1561334400000,20190624,FRONTKN,'0128,1.330,1.330,1.380,1.330,1.370,6640100,Increased,4
1561420800000,20190625,FRONTKN,'0128,1.370,1.370,1.380,1.350,1.360,4328600,Decreased,1
1561507200000,20190626,FRONTKN,'0128,1.360,1.350,1.360,1.320,1.350,3832600,No change,0
1561593600000,20190627,FRONTKN,'0128,1.350,1.340,1.360,1.330,1.350,3526200,Increased,1
1561680000000,20190628,FRONTKN,'0128,1.350,1.350,1.360,1.330,1.340,1924700,Decreased,1
1561939200000,20190701,FRONTKN,'0128,1.340,1.400,1.430,1.390,1.410,11839300,Increased,1
1562025600000,20190702,FRONTKN,'0128,1.410,1.410,1.410,1.380,1.390,3633800,Decreased,2
1562112000000,20190703,FRONTKN,'0128,1.390,1.400,1.420,1.380,1.400,4725000,No change,0
1562198400000,20190704,FRONTKN,'0128,1.400,1.400,1.450,1.400,1.420,4587500,Increased,2
1562284800000,20190705,FRONTKN,'0128,1.420,1.430,1.430,1.390,1.400,3424900,Decreased,3
1562544000000,20190708,FRONTKN,'0128,1.400,1.410,1.410,1.380,1.390,1927700,Decreased,2
1562630400000,20190709,FRONTKN,'0128,1.390,1.390,1.420,1.390,1.400,3574500,Increased,1
1562716800000,20190710,FRONTKN,'0128,1.400,1.410,1.440,1.390,1.400,6152400,Decreased,1
1562803200000,20190711,FRONTKN,'0128,1.400,1.420,1.540,1.410,1.540,27324000,Increased,12
1562889600000,20190712,FRONTKN,'0128,1.540,1.550,1.560,1.510,1.540,8873000,Decreased,1
1563148800000,20190715,FRONTKN,'0128,1.540,1.530,1.620,1.530,1.560,13505400,Increased,3
1563235200000,20190716,FRONTKN,'0128,1.560,1.560,1.610,1.540,1.600,6132800,Increased,4
1563321600000,20190717,FRONTKN,'0128,1.600,1.600,1.640,1.540,1.570,9648100,Decreased,3
1563408000000,20190718,FRONTKN,'0128,1.570,1.560,1.580,1.540,1.580,3589700,Increased,2
1563494400000,20190719,FRONTKN,'0128,1.580,1.590,1.670,1.590,1.640,10555900,Increased,5
1563753600000,20190722,FRONTKN,'0128,1.640,1.640,1.650,1.610,1.630,4804900,Decreased,1
1563840000000,20190723,FRONTKN,'0128,1.630,1.630,1.700,1.630,1.660,13839500,Increased,3
1563926400000,20190724,FRONTKN,'0128,1.660,1.660,1.670,1.620,1.650,12719300,Decreased,1
1564012800000,20190725,FRONTKN,'0128,1.650,1.640,1.650,1.620,1.650,6316200,Increased,1
1564099200000,20190726,FRONTKN,'0128,1.650,1.650,1.650,1.620,1.630,3822900,Decreased,2
1564358400000,20190729,FRONTKN,'0128,1.630,1.630,1.670,1.620,1.650,6492200,Increased,2
1564531200000,20190731,FRONTKN,'0128,1.650,1.650,1.710,1.540,1.560,18613400,Decreased,9
1564617600000,20190801,FRONTKN,'0128,1.560,1.570,1.610,1.560,1.590,5811000,Increased,2
1564704000000,20190802,FRONTKN,'0128,1.590,1.570,1.580,1.540,1.550,5206300,Decreased,2
1564963200000,20190805,FRONTKN,'0128,1.550,1.550,1.550,1.480,1.500,9152600,Decreased,5
1565049600000,20190806,FRONTKN,'0128,1.500,1.440,1.530,1.430,1.530,6963000,Increased,9
1565136000000,20190807,FRONTKN,'0128,1.530,1.540,1.550,1.510,1.530,3713700,Decreased,1
1565222400000,20190808,FRONTKN,'0128,1.530,1.530,1.590,1.510,1.570,8690300,Increased,4
1565308800000,20190809,FRONTKN,'0128,1.570,1.580,1.610,1.570,1.580,5662900,No change,0
1565654400000,20190813,FRONTKN,'0128,1.580,1.560,1.570,1.510,1.520,3918000,Decreased,4
1565740800000,20190814,FRONTKN,'0128,1.520,1.550,1.590,1.550,1.570,5547400,Increased,2
1565827200000,20190815,FRONTKN,'0128,1.570,1.530,1.560,1.530,1.560,3217500,Increased,3
1565913600000,20190816,FRONTKN,'0128,1.560,1.560,1.590,1.560,1.580,3541000,Increased,2
1566172800000,20190819,FRONTKN,'0128,1.580,1.590,1.650,1.580,1.640,8251300,Increased,5
1566259200000,20190820,FRONTKN,'0128,1.640,1.640,1.690,1.640,1.670,9344100,Increased,3
1566345600000,20190821,FRONTKN,'0128,1.670,1.680,1.720,1.670,1.680,8142800,No change,0
1566432000000,20190822,FRONTKN,'0128,1.680,1.690,1.700,1.650,1.660,5535700,Decreased,3
1566518400000,20190823,FRONTKN,'0128,1.660,1.660,1.690,1.650,1.650,2744500,Decreased,1
1566777600000,20190826,FRONTKN,'0128,1.650,1.620,1.690,1.610,1.670,11177700,Increased,5
1566864000000,20190827,FRONTKN,'0128,1.670,1.670,1.680,1.560,1.560,15791800,Decreased,11
1566950400000,20190828,FRONTKN,'0128,1.560,1.560,1.600,1.530,1.600,6215400,Increased,4
1567036800000,20190829,FRONTKN,'0128,1.600,1.600,1.610,1.570,1.580,4274400,Decreased,2
1567123200000,20190830,FRONTKN,'0128,1.580,1.590,1.610,1.560,1.560,4061100,Decreased,3
1567468800000,20190903,FRONTKN,'0128,1.560,1.570,1.620,1.560,1.610,5820700,Increased,4
1567555200000,20190904,FRONTKN,'0128,1.610,1.610,1.640,1.580,1.600,9284300,Decreased,1
1567641600000,20190905,FRONTKN,'0128,1.600,1.600,1.630,1.590,1.590,2420300,Decreased,1
1567728000000,20190906,FRONTKN,'0128,1.590,1.610,1.620,1.590,1.610,2926600,No change,0
1568073600000,20190910,FRONTKN,'0128,1.610,1.610,1.670,1.600,1.640,5612100,Increased,3
1568160000000,20190911,FRONTKN,'0128,1.640,1.650,1.680,1.640,1.680,8143300,Increased,3
1568246400000,20190912,FRONTKN,'0128,1.680,1.690,1.700,1.670,1.670,5467800,Decreased,2
1568332800000,20190913,FRONTKN,'0128,1.670,1.690,1.690,1.640,1.660,4852400,Decreased,3
1568678400000,20190917,FRONTKN,'0128,1.660,1.670,1.690,1.650,1.670,3857300,No change,0
1568764800000,20190918,FRONTKN,'0128,1.670,1.670,1.740,1.670,1.720,12543600,Increased,5
1568851200000,20190919,FRONTKN,'0128,1.720,1.730,1.760,1.710,1.740,7674700,Increased,1
1568937600000,20190920,FRONTKN,'0128,1.740,1.740,1.790,1.730,1.750,32425600,Increased,1
1569196800000,20190923,FRONTKN,'0128,1.750,1.750,1.750,1.680,1.690,7001800,Decreased,6
1569283200000,20190924,FRONTKN,'0128,1.690,1.690,1.720,1.670,1.690,4541800,No change,0
1569369600000,20190925,FRONTKN,'0128,1.690,1.680,1.700,1.660,1.660,3486600,Decreased,2
1569456000000,20190926,FRONTKN,'0128,1.660,1.680,1.700,1.670,1.690,5556200,Increased,1
1569542400000,20190927,FRONTKN,'0128,1.690,1.700,1.720,1.670,1.700,3885800,No change,0
1569801600000,20190930,FRONTKN,'0128,1.700,1.710,1.740,1.700,1.720,8425700,Increased,1
1569888000000,20191001,FRONTKN,'0128,1.720,1.730,1.770,1.730,1.760,5265100,Increased,3
1569974400000,20191002,FRONTKN,'0128,1.760,1.740,1.780,1.720,1.730,6076500,Decreased,1
1570060800000,20191003,FRONTKN,'0128,1.730,1.720,1.760,1.710,1.750,3638200,Increased,3
1570147200000,20191004,FRONTKN,'0128,1.750,1.760,1.790,1.750,1.770,6711200,Increased,1
1570406400000,20191007,FRONTKN,'0128,1.770,1.770,1.800,1.740,1.740,4825100,Decreased,3
1570492800000,20191008,FRONTKN,'0128,1.740,1.760,1.760,1.730,1.760,3720400,No change,0
1570579200000,20191009,FRONTKN,'0128,1.760,1.750,1.750,1.690,1.710,8063700,Decreased,4
1570665600000,20191010,FRONTKN,'0128,1.710,1.720,1.740,1.700,1.710,3977000,Decreased,1
1570752000000,20191011,FRONTKN,'0128,1.710,1.730,1.740,1.710,1.730,2536100,No change,0
1571011200000,20191014,FRONTKN,'0128,1.730,1.730,1.750,1.700,1.720,4713300,Decreased,1
1571097600000,20191015,FRONTKN,'0128,1.720,1.730,1.760,1.710,1.760,4317400,Increased,3
1571184000000,20191016,FRONTKN,'0128,1.760,1.760,1.820,1.760,1.800,9738500,Increased,4
1571270400000,20191017,FRONTKN,'0128,1.800,1.810,1.820,1.790,1.800,2969200,Decreased,1
1571356800000,20191018,FRONTKN,'0128,1.800,1.810,1.900,1.810,1.900,8863900,Increased,9
1571616000000,20191021,FRONTKN,'0128,1.900,1.900,1.950,1.870,1.880,4917500,Decreased,2
1571702400000,20191022,FRONTKN,'0128,1.880,1.880,1.930,1.880,1.910,5184400,Increased,3
1571788800000,20191023,FRONTKN,'0128,1.910,1.910,1.910,1.880,1.900,1725500,Decreased,1
1571875200000,20191024,FRONTKN,'0128,1.900,1.890,1.900,1.870,1.890,2773200,No change,0
1571961600000,20191025,FRONTKN,'0128,1.890,1.880,1.890,1.850,1.880,2965000,No change,0
1572307200000,20191029,FRONTKN,'0128,1.880,1.880,1.890,1.820,1.850,5251600,Decreased,3
1572393600000,20191030,FRONTKN,'0128,1.850,1.870,1.920,1.830,1.880,4505600,Increased,1
1572480000000,20191031,FRONTKN,'0128,1.880,1.900,1.920,1.890,1.910,2970800,Increased,1
1572566400000,20191101,FRONTKN,'0128,1.910,1.910,1.930,1.880,1.930,4108000,Increased,2
1572825600000,20191104,FRONTKN,'0128,1.930,1.940,1.950,1.910,1.950,3292300,Increased,1
1572912000000,20191105,FRONTKN,'0128,1.950,1.940,1.980,1.930,1.980,5505700,Increased,4
1572998400000,20191106,FRONTKN,'0128,1.980,1.980,1.980,1.880,1.920,13764600,Decreased,6
1573084800000,20191107,FRONTKN,'0128,1.920,1.930,1.960,1.920,1.940,4062400,Increased,1
1573171200000,20191108,FRONTKN,'0128,1.940,1.950,1.960,1.900,1.920,6716900,Decreased,3
1573430400000,20191111,FRONTKN,'0128,1.920,1.920,1.920,1.830,1.870,7888800,Decreased,5
1573516800000,20191112,FRONTKN,'0128,1.870,1.870,1.910,1.850,1.910,3940900,Increased,4
1573603200000,20191113,FRONTKN,'0128,1.910,1.910,1.930,1.880,1.910,4150600,No change,0
1573689600000,20191114,FRONTKN,'0128,1.910,1.900,1.920,1.850,1.850,4842600,Decreased,5
1573776000000,20191115,FRONTKN,'0128,1.850,1.860,1.880,1.850,1.870,3266300,Increased,1
1574985600000,20191129,FRONTKN,'0128,1.870,1.970,1.980,1.960,1.980,1019800,Increased,1
1575244800000,20191202,FRONTKN,'0128,1.980,1.970,2.050,1.960,1.980,3353200,Increased,1
1575331200000,20191203,FRONTKN,'0128,1.980,1.990,2.110,1.980,2.090,10250100,Increased,10
1575417600000,20191204,FRONTKN,'0128,2.090,2.080,2.120,2.050,2.120,2831100,Increased,4
1575504000000,20191205,FRONTKN,'0128,2.120,2.130,2.160,2.110,2.130,4084400,No change,0
1575590400000,20191206,FRONTKN,'0128,2.130,2.120,2.170,2.120,2.160,2666600,Increased,4
1575849600000,20191209,FRONTKN,'0128,2.160,2.150,2.160,2.100,2.120,2291900,Decreased,3
1575936000000,20191210,FRONTKN,'0128,2.120,2.130,2.140,2.090,2.120,3640500,Decreased,1
1576022400000,20191211,FRONTKN,'0128,2.120,2.130,2.130,2.100,2.120,1839000,Decreased,1
1576108800000,20191212,FRONTKN,'0128,2.120,2.120,2.200,2.110,2.200,5080900,Increased,8
1576195200000,20191213,FRONTKN,'0128,2.200,2.200,2.250,2.190,2.250,2988100,Increased,5
1576454400000,20191216,FRONTKN,'0128,2.250,2.260,2.360,2.220,2.320,4136500,Increased,6
1576540800000,20191217,FRONTKN,'0128,2.320,2.330,2.400,2.330,2.390,4459900,Increased,6
1576627200000,20191218,FRONTKN,'0128,2.390,2.390,2.390,2.330,2.350,3887900,Decreased,4
1576713600000,20191219,FRONTKN,'0128,2.350,2.370,2.390,2.330,2.360,2102600,Decreased,1
1576800000000,20191220,FRONTKN,'0128,2.360,2.370,2.380,2.300,2.310,2929100,Decreased,6
1577059200000,20191223,FRONTKN,'0128,2.310,2.310,2.330,2.260,2.270,1918800,Decreased,4
1577145600000,20191224,FRONTKN,'0128,2.270,2.270,2.350,2.230,2.300,3419200,Increased,3
1577318400000,20191226,FRONTKN,'0128,2.300,2.290,2.360,2.290,2.320,2735800,Increased,3
1577404800000,20191227,FRONTKN,'0128,2.320,2.340,2.370,2.330,2.360,2384700,Increased,2
1577664000000,20191230,FRONTKN,'0128,2.360,2.360,2.450,2.340,2.350,3566600,Decreased,1
1577750400000,20191231,FRONTKN,'0128,2.350,2.340,2.370,2.290,2.290,4176100,Decreased,5
1577923200000,20200102,FRONTKN,'0128,2.290,2.310,2.380,2.310,2.350,2498800,Increased,4
1578009600000,20200103,FRONTKN,'0128,2.350,2.360,2.440,2.360,2.430,4192200,Increased,7
