Date(int),Date,Name,Stock ID,LACP,Open,High,Low,Close,Volume,Direction,Bid Size
1420416000000,20150105,SAMCHEM,'5147,,0.650,0.650,0.650,0.650,-,Closed,0
1420502400000,20150106,SAMCHEM,'5147,0.650,0.650,0.650,0.650,0.650,-,Closed,0
1420588800000,20150107,SAMCHEM,'5147,0.650,0.650,0.650,0.650,0.650,-,Closed,0
1420675200000,20150108,SAMCHEM,'5147,0.650,0.650,0.650,0.650,0.650,-,Closed,0
1420761600000,20150109,SAMCHEM,'5147,0.650,0.655,0.655,0.655,0.655,400,No change,0
1421020800000,20150112,SAMCHEM,'5147,0.655,0.670,0.670,0.670,0.670,10000,No change,0
1421107200000,20150113,SAMCHEM,'5147,0.670,0.670,0.670,0.670,0.670,-,Closed,0
1421193600000,20150114,SAMCHEM,'5147,0.670,0.670,0.670,0.670,0.670,-,Closed,0
1421280000000,20150115,SAMCHEM,'5147,0.670,0.670,0.670,0.670,0.670,-,Closed,0
1421366400000,20150116,SAMCHEM,'5147,0.670,0.670,0.670,0.670,0.670,-,Closed,0
1421625600000,20150119,SAMCHEM,'5147,0.670,0.650,0.650,0.650,0.650,15000,No change,0
1421712000000,20150120,SAMCHEM,'5147,0.650,0.650,0.650,0.650,0.650,-,Closed,0
1421798400000,20150121,SAMCHEM,'5147,0.650,0.650,0.650,0.650,0.650,-,Closed,0
1421884800000,20150122,SAMCHEM,'5147,0.650,0.650,0.660,0.650,0.660,40000,Increased,2
1421971200000,20150123,SAMCHEM,'5147,0.660,0.660,0.660,0.660,0.660,6000,No change,0
1422230400000,20150126,SAMCHEM,'5147,0.660,0.660,0.660,0.660,0.660,-,Closed,0
1422316800000,20150127,SAMCHEM,'5147,0.660,0.660,0.660,0.660,0.660,-,Closed,0
1422403200000,20150128,SAMCHEM,'5147,0.660,0.660,0.660,0.660,0.660,41900,No change,0
1422489600000,20150129,SAMCHEM,'5147,0.660,0.660,0.660,0.660,0.660,-,Closed,0
1422576000000,20150130,SAMCHEM,'5147,0.660,0.660,0.660,0.660,0.660,-,Closed,0
1423008000000,20150204,SAMCHEM,'5147,0.660,0.700,0.700,0.700,0.700,200,No change,0
1423094400000,20150205,SAMCHEM,'5147,0.700,0.700,0.700,0.700,0.700,-,Closed,0
1423180800000,20150206,SAMCHEM,'5147,0.700,0.700,0.700,0.700,0.700,-,Closed,0
1423440000000,20150209,SAMCHEM,'5147,0.700,0.700,0.700,0.700,0.700,-,Closed,0
1423526400000,20150210,SAMCHEM,'5147,0.700,0.700,0.700,0.700,0.700,-,Closed,0
1423612800000,20150211,SAMCHEM,'5147,0.700,0.700,0.700,0.700,0.700,-,Closed,0
1423699200000,20150212,SAMCHEM,'5147,0.700,0.700,0.700,0.700,0.700,-,Closed,0
1423785600000,20150213,SAMCHEM,'5147,0.700,0.700,0.700,0.700,0.700,-,Closed,0
1424044800000,20150216,SAMCHEM,'5147,0.700,0.700,0.700,0.700,0.700,-,Closed,0
1424131200000,20150217,SAMCHEM,'5147,0.700,0.700,0.700,0.700,0.700,-,Closed,0
1424217600000,20150218,SAMCHEM,'5147,0.700,0.700,0.700,0.700,0.700,-,Closed,0
1424649600000,20150223,SAMCHEM,'5147,0.700,0.700,0.700,0.700,0.700,-,Closed,0
1424736000000,20150224,SAMCHEM,'5147,0.700,0.680,0.680,0.680,0.680,2000,No change,0
1424822400000,20150225,SAMCHEM,'5147,0.680,0.680,0.680,0.680,0.680,-,Closed,0
1424908800000,20150226,SAMCHEM,'5147,0.680,0.680,0.680,0.680,0.680,-,Closed,0
1424995200000,20150227,SAMCHEM,'5147,0.680,0.680,0.680,0.680,0.680,-,Closed,0
1425254400000,20150302,SAMCHEM,'5147,0.680,0.610,0.610,0.610,0.610,2700,No change,0
1425340800000,20150303,SAMCHEM,'5147,0.610,0.660,0.660,0.650,0.650,20000,Decreased,2
1425427200000,20150304,SAMCHEM,'5147,0.650,0.650,0.650,0.650,0.650,10000,No change,0
1425513600000,20150305,SAMCHEM,'5147,0.650,0.645,0.645,0.645,0.645,2700,No change,0
1425600000000,20150306,SAMCHEM,'5147,0.645,0.645,0.645,0.645,0.645,-,Closed,0
1425859200000,20150309,SAMCHEM,'5147,0.645,0.650,0.650,0.645,0.645,11000,Decreased,1
1425945600000,20150310,SAMCHEM,'5147,0.645,0.650,0.650,0.650,0.650,20000,No change,0
1426032000000,20150311,SAMCHEM,'5147,0.650,0.650,0.650,0.650,0.650,-,Closed,0
1426118400000,20150312,SAMCHEM,'5147,0.650,0.665,0.665,0.650,0.655,20000,Decreased,2
1426204800000,20150313,SAMCHEM,'5147,0.655,0.655,0.655,0.655,0.655,-,Closed,0
1426464000000,20150316,SAMCHEM,'5147,0.655,0.655,0.655,0.655,0.655,-,Closed,0
1426550400000,20150317,SAMCHEM,'5147,0.655,0.650,0.650,0.650,0.650,50000,No change,0
1426636800000,20150318,SAMCHEM,'5147,0.650,0.650,0.650,0.650,0.650,11000,No change,0
1426723200000,20150319,SAMCHEM,'5147,0.650,0.645,0.645,0.645,0.645,15000,No change,0
1426809600000,20150320,SAMCHEM,'5147,0.645,0.660,0.695,0.660,0.695,1100,Increased,7
1427068800000,20150323,SAMCHEM,'5147,0.695,0.655,0.655,0.655,0.655,25100,No change,0
1427155200000,20150324,SAMCHEM,'5147,0.655,0.655,0.655,0.655,0.655,-,Closed,0
1427241600000,20150325,SAMCHEM,'5147,0.655,0.655,0.655,0.655,0.655,32600,No change,0
1427328000000,20150326,SAMCHEM,'5147,0.655,0.655,0.655,0.655,0.655,20000,No change,0
1427414400000,20150327,SAMCHEM,'5147,0.655,0.655,0.655,0.655,0.655,-,Closed,0
1427673600000,20150330,SAMCHEM,'5147,0.655,0.655,0.655,0.655,0.655,3000,No change,0
1427760000000,20150331,SAMCHEM,'5147,0.655,0.655,0.655,0.650,0.650,20000,Decreased,1
1427846400000,20150401,SAMCHEM,'5147,0.650,0.650,0.650,0.650,0.650,-,Closed,0
1427932800000,20150402,SAMCHEM,'5147,0.650,0.650,0.650,0.650,0.650,-,Closed,0
1428019200000,20150403,SAMCHEM,'5147,0.650,0.650,0.650,0.650,0.650,-,Closed,0
1428278400000,20150406,SAMCHEM,'5147,0.650,0.650,0.650,0.650,0.650,-,Closed,0
1428364800000,20150407,SAMCHEM,'5147,0.650,0.650,0.650,0.650,0.650,-,Closed,0
1428451200000,20150408,SAMCHEM,'5147,0.650,0.650,0.650,0.650,0.650,-,Closed,0
1428537600000,20150409,SAMCHEM,'5147,0.650,0.695,0.695,0.695,0.695,500,No change,0
1428624000000,20150410,SAMCHEM,'5147,0.695,0.695,0.695,0.695,0.695,-,Closed,0
1428883200000,20150413,SAMCHEM,'5147,0.695,0.695,0.695,0.695,0.695,-,Closed,0
1428969600000,20150414,SAMCHEM,'5147,0.695,0.695,0.695,0.695,0.695,-,Closed,0
1429056000000,20150415,SAMCHEM,'5147,0.695,0.650,0.650,0.650,0.650,5000,No change,0
1429142400000,20150416,SAMCHEM,'5147,0.650,0.685,0.685,0.685,0.685,200,No change,0
1429228800000,20150417,SAMCHEM,'5147,0.685,0.685,0.750,0.685,0.750,10000,Increased,13
1429488000000,20150420,SAMCHEM,'5147,0.750,0.700,0.700,0.700,0.700,5000,No change,0
1429574400000,20150421,SAMCHEM,'5147,0.700,0.685,0.685,0.685,0.685,400,No change,0
1429660800000,20150422,SAMCHEM,'5147,0.685,0.685,0.685,0.685,0.685,-,Closed,0
1429747200000,20150423,SAMCHEM,'5147,0.685,0.700,0.700,0.690,0.690,20000,Decreased,2
1429833600000,20150424,SAMCHEM,'5147,0.690,0.690,0.690,0.690,0.690,10000,No change,0
1430092800000,20150427,SAMCHEM,'5147,0.690,0.690,0.690,0.690,0.690,9000,No change,0
1430179200000,20150428,SAMCHEM,'5147,0.690,0.690,0.690,0.690,0.690,-,Closed,0
1430265600000,20150429,SAMCHEM,'5147,0.690,0.680,0.730,0.680,0.730,5200,Increased,10
1430352000000,20150430,SAMCHEM,'5147,0.730,0.680,0.680,0.680,0.680,9900,No change,0
1430784000000,20150505,SAMCHEM,'5147,0.680,0.730,0.730,0.730,0.730,200,No change,0
1430870400000,20150506,SAMCHEM,'5147,0.730,0.730,0.730,0.730,0.730,-,Closed,0
1430956800000,20150507,SAMCHEM,'5147,0.730,0.690,0.720,0.690,0.720,5000,Increased,6
1431043200000,20150508,SAMCHEM,'5147,0.720,0.720,0.720,0.720,0.720,-,Closed,0
1431302400000,20150511,SAMCHEM,'5147,0.720,0.720,0.720,0.720,0.720,-,Closed,0
1431388800000,20150512,SAMCHEM,'5147,0.720,0.690,0.690,0.690,0.690,30000,No change,0
1431475200000,20150513,SAMCHEM,'5147,0.690,0.690,0.690,0.690,0.690,-,Closed,0
1431561600000,20150514,SAMCHEM,'5147,0.690,0.685,0.685,0.680,0.680,23000,Decreased,1
1431648000000,20150515,SAMCHEM,'5147,0.680,0.680,0.680,0.680,0.680,10000,No change,0
1431907200000,20150518,SAMCHEM,'5147,0.680,0.680,0.680,0.680,0.680,-,Closed,0
1431993600000,20150519,SAMCHEM,'5147,0.680,0.680,0.680,0.680,0.680,-,Closed,0
1432080000000,20150520,SAMCHEM,'5147,0.680,0.680,0.680,0.680,0.680,-,Closed,0
1432166400000,20150521,SAMCHEM,'5147,0.680,0.675,0.675,0.670,0.670,5100,Decreased,1
1432252800000,20150522,SAMCHEM,'5147,0.670,0.720,0.720,0.720,0.720,80000,No change,0
1432512000000,20150525,SAMCHEM,'5147,0.720,0.720,0.720,0.720,0.720,-,Closed,0
1432598400000,20150526,SAMCHEM,'5147,0.720,0.750,0.750,0.750,0.750,200,No change,0
1432684800000,20150527,SAMCHEM,'5147,0.750,0.700,0.700,0.700,0.700,70900,No change,0
1432771200000,20150528,SAMCHEM,'5147,0.700,0.700,0.700,0.700,0.700,5000,No change,0
1432857600000,20150529,SAMCHEM,'5147,0.700,0.730,0.730,0.730,0.730,40000,No change,0
1433116800000,20150601,SAMCHEM,'5147,0.730,0.700,0.700,0.700,0.700,200,No change,0
1433203200000,20150602,SAMCHEM,'5147,0.700,0.720,0.730,0.720,0.730,300,Increased,2
1433289600000,20150603,SAMCHEM,'5147,0.730,0.750,0.750,0.750,0.750,200,No change,0
1433376000000,20150604,SAMCHEM,'5147,0.750,0.750,0.750,0.750,0.750,-,Closed,0
1433462400000,20150605,SAMCHEM,'5147,0.750,0.750,0.750,0.750,0.750,-,Closed,0
1433721600000,20150608,SAMCHEM,'5147,0.750,0.730,0.730,0.730,0.730,12600,No change,0
1433808000000,20150609,SAMCHEM,'5147,0.730,0.725,0.730,0.720,0.720,19800,Decreased,1
1433894400000,20150610,SAMCHEM,'5147,0.720,0.695,0.695,0.695,0.695,-,Closed,0
1433980800000,20150611,SAMCHEM,'5147,0.695,0.735,0.735,0.735,0.735,200,No change,0
1434067200000,20150612,SAMCHEM,'5147,0.735,0.735,0.735,0.735,0.735,-,Closed,0
1434326400000,20150615,SAMCHEM,'5147,0.735,0.735,0.735,0.735,0.735,-,Closed,0
1434412800000,20150616,SAMCHEM,'5147,0.735,0.735,0.735,0.735,0.735,-,Closed,0
1434499200000,20150617,SAMCHEM,'5147,0.735,0.735,0.735,0.735,0.735,-,Closed,0
1434585600000,20150618,SAMCHEM,'5147,0.735,0.735,0.735,0.735,0.735,-,Closed,0
1434672000000,20150619,SAMCHEM,'5147,0.735,0.735,0.735,0.735,0.735,-,Closed,0
1434931200000,20150622,SAMCHEM,'5147,0.735,0.670,0.675,0.670,0.675,13000,Increased,1
1435017600000,20150623,SAMCHEM,'5147,0.675,0.675,0.675,0.675,0.675,4600,No change,0
1435104000000,20150624,SAMCHEM,'5147,0.675,0.735,0.735,0.735,0.735,200,No change,0
1435190400000,20150625,SAMCHEM,'5147,0.735,0.675,0.675,0.675,0.675,100000,No change,0
1435276800000,20150626,SAMCHEM,'5147,0.675,0.675,0.675,0.675,0.675,-,Closed,0
1435536000000,20150629,SAMCHEM,'5147,0.675,0.620,0.620,0.620,0.620,10200,No change,0
1435622400000,20150630,SAMCHEM,'5147,0.620,0.670,0.700,0.660,0.700,73200,Increased,6
1435708800000,20150701,SAMCHEM,'5147,0.700,0.670,0.700,0.670,0.700,4500,Increased,6
1435795200000,20150702,SAMCHEM,'5147,0.700,0.675,0.675,0.675,0.675,1600,No change,0
1435881600000,20150703,SAMCHEM,'5147,0.675,0.700,0.700,0.680,0.700,50400,No change,0
1436140800000,20150706,SAMCHEM,'5147,0.700,0.670,0.700,0.670,0.700,800,Increased,6
1436227200000,20150707,SAMCHEM,'5147,0.700,0.675,0.700,0.675,0.700,700,Increased,5
1436313600000,20150708,SAMCHEM,'5147,0.700,0.675,0.700,0.675,0.700,5000,Increased,5
1436400000000,20150709,SAMCHEM,'5147,0.700,0.725,0.725,0.675,0.680,38600,Decreased,9
1436486400000,20150710,SAMCHEM,'5147,0.680,0.730,0.730,0.685,0.685,1400,Decreased,9
1436745600000,20150713,SAMCHEM,'5147,0.685,0.730,0.730,0.730,0.730,200,No change,0
1436832000000,20150714,SAMCHEM,'5147,0.730,0.730,0.730,0.730,0.730,-,Closed,0
1436918400000,20150715,SAMCHEM,'5147,0.730,0.680,0.680,0.680,0.680,42000,No change,0
1437004800000,20150716,SAMCHEM,'5147,0.680,0.670,0.670,0.670,0.670,200,No change,0
1437350400000,20150720,SAMCHEM,'5147,0.670,0.670,0.670,0.670,0.670,-,Closed,0
1437436800000,20150721,SAMCHEM,'5147,0.670,0.710,0.710,0.710,0.710,200,No change,0
1437523200000,20150722,SAMCHEM,'5147,0.710,0.725,0.725,0.680,0.685,128300,Decreased,8
1437609600000,20150723,SAMCHEM,'5147,0.685,0.730,0.730,0.725,0.725,200,Decreased,1
1437696000000,20150724,SAMCHEM,'5147,0.725,0.725,0.725,0.725,0.725,-,Closed,0
1437955200000,20150727,SAMCHEM,'5147,0.725,0.660,0.680,0.660,0.680,40200,Increased,4
1438041600000,20150728,SAMCHEM,'5147,0.680,0.660,0.700,0.660,0.700,5000,Increased,8
1438128000000,20150729,SAMCHEM,'5147,0.700,0.660,0.700,0.660,0.700,300,Increased,8
1438214400000,20150730,SAMCHEM,'5147,0.700,0.700,0.700,0.700,0.700,-,Closed,0
1438300800000,20150731,SAMCHEM,'5147,0.700,0.700,0.700,0.700,0.700,-,Closed,0
1438560000000,20150803,SAMCHEM,'5147,0.700,0.700,0.700,0.700,0.700,-,Closed,0
1438646400000,20150804,SAMCHEM,'5147,0.700,0.700,0.700,0.700,0.700,-,Closed,0
1438732800000,20150805,SAMCHEM,'5147,0.700,0.650,0.700,0.650,0.700,13800,Increased,10
1438819200000,20150806,SAMCHEM,'5147,0.700,0.700,0.700,0.700,0.700,-,Closed,0
1438905600000,20150807,SAMCHEM,'5147,0.700,0.700,0.700,0.700,0.700,-,Closed,0
1439164800000,20150810,SAMCHEM,'5147,0.700,0.700,0.700,0.700,0.700,-,Closed,0
1439251200000,20150811,SAMCHEM,'5147,0.700,0.700,0.700,0.700,0.700,-,Closed,0
1439337600000,20150812,SAMCHEM,'5147,0.700,0.700,0.700,0.700,0.700,-,Closed,0
1439424000000,20150813,SAMCHEM,'5147,0.700,0.700,0.700,0.700,0.700,-,Closed,0
1439510400000,20150814,SAMCHEM,'5147,0.700,0.700,0.700,0.700,0.700,-,Closed,0
1439769600000,20150817,SAMCHEM,'5147,0.700,0.620,0.620,0.620,0.620,19900,No change,0
1439856000000,20150818,SAMCHEM,'5147,0.620,0.620,0.620,0.620,0.620,-,Closed,0
1439942400000,20150819,SAMCHEM,'5147,0.620,0.620,0.620,0.620,0.620,-,Closed,0
1440028800000,20150820,SAMCHEM,'5147,0.620,0.640,0.640,0.640,0.640,200,No change,0
1440115200000,20150821,SAMCHEM,'5147,0.640,0.650,0.720,0.650,0.715,2000,Increased,13
1440374400000,20150824,SAMCHEM,'5147,0.715,0.715,0.715,0.715,0.715,-,Closed,0
1440460800000,20150825,SAMCHEM,'5147,0.715,0.715,0.715,0.715,0.715,-,Closed,0
1440547200000,20150826,SAMCHEM,'5147,0.715,0.715,0.715,0.715,0.715,-,Closed,0
1440633600000,20150827,SAMCHEM,'5147,0.715,0.715,0.720,0.715,0.720,400,Increased,1
1440720000000,20150828,SAMCHEM,'5147,0.720,0.720,0.720,0.720,0.720,-,Closed,0
1441065600000,20150901,SAMCHEM,'5147,0.720,0.720,0.720,0.720,0.720,-,Closed,0
1441152000000,20150902,SAMCHEM,'5147,0.720,0.720,0.720,0.720,0.720,-,Closed,0
1441238400000,20150903,SAMCHEM,'5147,0.720,0.640,0.640,0.640,0.640,300,No change,0
1441324800000,20150904,SAMCHEM,'5147,0.640,0.720,0.720,0.720,0.720,1000,No change,0
1441584000000,20150907,SAMCHEM,'5147,0.720,0.700,0.700,0.700,0.700,-,Closed,0
1441670400000,20150908,SAMCHEM,'5147,0.700,0.700,0.700,0.700,0.700,-,Closed,0
1441756800000,20150909,SAMCHEM,'5147,0.700,0.700,0.700,0.700,0.700,-,Closed,0
1441843200000,20150910,SAMCHEM,'5147,0.700,0.695,0.700,0.695,0.700,1200,Increased,1
1441929600000,20150911,SAMCHEM,'5147,0.700,0.700,0.700,0.700,0.700,-,Closed,0
1442188800000,20150914,SAMCHEM,'5147,0.700,0.700,0.700,0.700,0.700,-,Closed,0
1442275200000,20150915,SAMCHEM,'5147,0.700,0.715,0.715,0.700,0.710,1000,Decreased,1
1442448000000,20150917,SAMCHEM,'5147,0.710,0.700,0.700,0.695,0.695,1200,Decreased,1
1442534400000,20150918,SAMCHEM,'5147,0.695,0.675,0.675,0.670,0.670,5000,Decreased,1
1442793600000,20150921,SAMCHEM,'5147,0.670,0.670,0.670,0.670,0.670,-,Closed,0
1442880000000,20150922,SAMCHEM,'5147,0.670,0.670,0.670,0.670,0.670,-,Closed,0
1442966400000,20150923,SAMCHEM,'5147,0.670,0.670,0.670,0.670,0.670,-,Closed,0
1443139200000,20150925,SAMCHEM,'5147,0.670,0.670,0.670,0.670,0.670,-,Closed,0
1443398400000,20150928,SAMCHEM,'5147,0.670,0.670,0.670,0.670,0.670,-,Closed,0
1443484800000,20150929,SAMCHEM,'5147,0.670,0.670,0.670,0.670,0.670,-,Closed,0
1443571200000,20150930,SAMCHEM,'5147,0.670,0.670,0.670,0.670,0.670,-,Closed,0
1443657600000,20151001,SAMCHEM,'5147,0.670,0.715,0.715,0.715,0.715,600,No change,0
1443744000000,20151002,SAMCHEM,'5147,0.715,0.715,0.715,0.715,0.715,-,Closed,0
1444003200000,20151005,SAMCHEM,'5147,0.715,0.655,0.720,0.655,0.720,2400,Increased,13
1444089600000,20151006,SAMCHEM,'5147,0.720,0.700,0.720,0.700,0.720,26100,Increased,4
1444176000000,20151007,SAMCHEM,'5147,0.720,0.730,0.770,0.730,0.760,98200,Increased,6
1444262400000,20151008,SAMCHEM,'5147,0.760,0.760,0.765,0.760,0.765,17000,Increased,1
1444348800000,20151009,SAMCHEM,'5147,0.765,0.700,0.750,0.700,0.750,3000,Increased,10
1444608000000,20151012,SAMCHEM,'5147,0.750,0.690,0.690,0.690,0.690,3000,No change,0
1444694400000,20151013,SAMCHEM,'5147,0.690,0.720,0.735,0.720,0.735,3800,Increased,3
1444867200000,20151015,SAMCHEM,'5147,0.735,0.690,0.715,0.685,0.715,20500,Increased,5
1444953600000,20151016,SAMCHEM,'5147,0.715,0.730,0.780,0.690,0.715,20600,Decreased,3
1445212800000,20151019,SAMCHEM,'5147,0.715,0.705,0.760,0.690,0.720,13600,Increased,3
1445299200000,20151020,SAMCHEM,'5147,0.720,0.680,0.730,0.680,0.730,13600,Increased,10
1445385600000,20151021,SAMCHEM,'5147,0.730,0.725,0.725,0.725,0.725,5000,No change,0
1445472000000,20151022,SAMCHEM,'5147,0.725,0.720,0.730,0.720,0.730,8200,Increased,2
1445558400000,20151023,SAMCHEM,'5147,0.730,0.725,0.730,0.725,0.730,13900,Increased,1
1445817600000,20151026,SAMCHEM,'5147,0.730,0.730,0.730,0.730,0.730,40000,No change,0
1445904000000,20151027,SAMCHEM,'5147,0.730,0.730,0.730,0.730,0.730,-,Closed,0
1445990400000,20151028,SAMCHEM,'5147,0.730,0.730,0.730,0.730,0.730,-,Closed,0
1446076800000,20151029,SAMCHEM,'5147,0.730,0.685,0.685,0.685,0.685,13900,No change,0
1446163200000,20151030,SAMCHEM,'5147,0.685,0.690,0.690,0.690,0.690,3000,No change,0
1446422400000,20151102,SAMCHEM,'5147,0.690,0.690,0.690,0.690,0.690,-,Closed,0
1446508800000,20151103,SAMCHEM,'5147,0.690,0.760,0.760,0.760,0.760,500,No change,0
1446595200000,20151104,SAMCHEM,'5147,0.760,0.760,0.760,0.760,0.760,-,Closed,0
1446681600000,20151105,SAMCHEM,'5147,0.760,0.700,0.745,0.700,0.735,51000,Increased,7
1446768000000,20151106,SAMCHEM,'5147,0.735,0.740,0.740,0.740,0.740,127100,No change,0
1447027200000,20151109,SAMCHEM,'5147,0.740,0.760,0.760,0.740,0.740,3300,Decreased,4
1447200000000,20151111,SAMCHEM,'5147,0.740,0.750,0.750,0.710,0.710,25000,Decreased,8
1447286400000,20151112,SAMCHEM,'5147,0.710,0.740,0.740,0.730,0.730,11300,Decreased,2
1447372800000,20151113,SAMCHEM,'5147,0.730,0.730,0.730,0.730,0.730,-,Closed,0
1447632000000,20151116,SAMCHEM,'5147,0.730,0.760,0.810,0.760,0.800,649600,Increased,8
1447718400000,20151117,SAMCHEM,'5147,0.800,0.805,0.925,0.805,0.875,1841400,Increased,14
1447804800000,20151118,SAMCHEM,'5147,0.875,0.890,0.890,0.830,0.840,267400,Decreased,10
1447891200000,20151119,SAMCHEM,'5147,0.840,0.825,0.870,0.820,0.825,192500,No change,0
1447977600000,20151120,SAMCHEM,'5147,0.825,0.825,0.845,0.825,0.845,124400,Increased,4
1448236800000,20151123,SAMCHEM,'5147,0.845,0.845,0.890,0.840,0.885,636300,Increased,8
1448323200000,20151124,SAMCHEM,'5147,0.885,0.895,0.935,0.880,0.885,1206700,Decreased,2
1448409600000,20151125,SAMCHEM,'5147,0.885,0.885,0.885,0.835,0.845,72700,Decreased,8
1448496000000,20151126,SAMCHEM,'5147,0.845,0.865,0.865,0.840,0.845,89500,Decreased,4
1448582400000,20151127,SAMCHEM,'5147,0.845,0.825,0.825,0.775,0.790,309700,Decreased,7
1448841600000,20151130,SAMCHEM,'5147,0.790,0.780,0.800,0.725,0.725,268800,Decreased,11
1448928000000,20151201,SAMCHEM,'5147,0.725,0.750,0.770,0.750,0.750,51600,No change,0
1449014400000,20151202,SAMCHEM,'5147,0.750,0.790,0.790,0.750,0.765,51300,Decreased,5
1449100800000,20151203,SAMCHEM,'5147,0.765,0.785,0.845,0.785,0.830,431800,Increased,9
1449187200000,20151204,SAMCHEM,'5147,0.830,0.815,0.815,0.790,0.790,68000,Decreased,5
1449446400000,20151207,SAMCHEM,'5147,0.790,0.800,0.830,0.800,0.830,27800,Increased,6
1449532800000,20151208,SAMCHEM,'5147,0.830,0.830,0.830,0.805,0.805,37900,Decreased,5
1449619200000,20151209,SAMCHEM,'5147,0.805,0.820,0.820,0.800,0.805,22700,Decreased,3
1449705600000,20151210,SAMCHEM,'5147,0.805,0.810,0.810,0.810,0.810,16000,No change,0
1449792000000,20151211,SAMCHEM,'5147,0.810,0.810,0.830,0.810,0.815,53600,Increased,1
1450051200000,20151214,SAMCHEM,'5147,0.815,0.800,0.830,0.800,0.820,28000,Increased,4
1450137600000,20151215,SAMCHEM,'5147,0.820,0.805,0.805,0.805,0.805,7400,No change,0
1450224000000,20151216,SAMCHEM,'5147,0.805,0.825,0.840,0.825,0.840,122600,Increased,3
1450310400000,20151217,SAMCHEM,'5147,0.840,0.840,0.900,0.840,0.870,612900,Increased,6
1450396800000,20151218,SAMCHEM,'5147,0.870,0.880,0.890,0.850,0.850,118100,Decreased,6
1450656000000,20151221,SAMCHEM,'5147,0.850,0.835,0.860,0.835,0.840,69000,Increased,1
1450742400000,20151222,SAMCHEM,'5147,0.840,0.850,0.875,0.850,0.870,41000,Increased,4
1450828800000,20151223,SAMCHEM,'5147,0.870,0.870,0.880,0.850,0.850,100100,Decreased,4
1451260800000,20151228,SAMCHEM,'5147,0.850,0.870,0.875,0.855,0.870,133000,No change,0
1451347200000,20151229,SAMCHEM,'5147,0.870,0.865,0.865,0.850,0.860,64000,Decreased,1
1451433600000,20151230,SAMCHEM,'5147,0.860,0.865,0.865,0.850,0.865,113000,No change,0
1451520000000,20151231,SAMCHEM,'5147,0.865,0.865,0.885,0.865,0.865,25000,No change,0
1451865600000,20160104,SAMCHEM,'5147,0.865,0.870,0.910,0.855,0.855,106000,Decreased,3
1451952000000,20160105,SAMCHEM,'5147,0.855,0.860,0.870,0.860,0.870,1600,Increased,2
1452038400000,20160106,SAMCHEM,'5147,0.870,0.880,0.880,0.855,0.855,29300,Decreased,5
1452124800000,20160107,SAMCHEM,'5147,0.855,0.855,0.855,0.810,0.810,126800,Decreased,9
1452211200000,20160108,SAMCHEM,'5147,0.810,0.810,0.850,0.810,0.840,58000,Increased,6
1452470400000,20160111,SAMCHEM,'5147,0.840,0.835,0.835,0.830,0.835,7300,No change,0
1452556800000,20160112,SAMCHEM,'5147,0.835,0.830,0.880,0.830,0.880,55000,Increased,10
1452643200000,20160113,SAMCHEM,'5147,0.880,0.860,0.875,0.860,0.860,52000,No change,0
1452729600000,20160114,SAMCHEM,'5147,0.860,0.855,0.855,0.855,0.855,10000,No change,0
1452816000000,20160115,SAMCHEM,'5147,0.855,0.835,0.850,0.830,0.835,43300,No change,0
1453075200000,20160118,SAMCHEM,'5147,0.835,0.800,0.840,0.785,0.830,145300,Increased,6
1453161600000,20160119,SAMCHEM,'5147,0.830,0.805,0.830,0.800,0.830,106000,Increased,5
1453248000000,20160120,SAMCHEM,'5147,0.830,0.810,0.810,0.800,0.810,62000,No change,0
1453334400000,20160121,SAMCHEM,'5147,0.810,0.795,0.880,0.795,0.825,38000,Increased,6
1453420800000,20160122,SAMCHEM,'5147,0.825,0.800,0.825,0.800,0.825,30200,Increased,5
1453766400000,20160126,SAMCHEM,'5147,0.825,0.790,0.800,0.785,0.800,78200,Increased,2
1453852800000,20160127,SAMCHEM,'5147,0.800,0.810,0.810,0.790,0.810,19200,No change,0
1453939200000,20160128,SAMCHEM,'5147,0.810,0.790,0.810,0.790,0.810,20200,Increased,4
1454025600000,20160129,SAMCHEM,'5147,0.810,0.810,0.835,0.800,0.835,6800,Increased,5
1454371200000,20160202,SAMCHEM,'5147,0.835,0.785,0.790,0.785,0.790,43200,Increased,1
1454457600000,20160203,SAMCHEM,'5147,0.790,0.805,0.805,0.785,0.785,16000,Decreased,4
1454544000000,20160204,SAMCHEM,'5147,0.785,0.810,0.810,0.795,0.795,4100,Decreased,3
1454630400000,20160205,SAMCHEM,'5147,0.795,0.785,0.785,0.780,0.780,23700,Decreased,1
1455062400000,20160210,SAMCHEM,'5147,0.780,0.790,0.805,0.790,0.805,3700,Increased,3
1455148800000,20160211,SAMCHEM,'5147,0.805,0.805,0.805,0.805,0.805,-,Closed,0
1455235200000,20160212,SAMCHEM,'5147,0.805,0.810,0.815,0.805,0.805,4500,Decreased,1
1455494400000,20160215,SAMCHEM,'5147,0.805,0.805,0.805,0.805,0.805,-,Closed,0
1455580800000,20160216,SAMCHEM,'5147,0.805,0.805,0.805,0.805,0.805,-,Closed,0
1455667200000,20160217,SAMCHEM,'5147,0.805,0.805,0.805,0.805,0.805,-,Closed,0
1455753600000,20160218,SAMCHEM,'5147,0.805,0.810,0.810,0.810,0.810,3000,No change,0
1455840000000,20160219,SAMCHEM,'5147,0.810,0.795,0.800,0.795,0.795,53800,No change,0
1456099200000,20160222,SAMCHEM,'5147,0.795,0.785,0.785,0.780,0.780,30000,Decreased,1
1456185600000,20160223,SAMCHEM,'5147,0.780,0.810,0.815,0.810,0.810,63000,No change,0
1456272000000,20160224,SAMCHEM,'5147,0.810,0.780,0.780,0.780,0.780,37000,No change,0
1456358400000,20160225,SAMCHEM,'5147,0.780,0.790,0.840,0.785,0.800,50500,Increased,2
1456444800000,20160226,SAMCHEM,'5147,0.800,0.800,0.800,0.800,0.800,63500,No change,0
1456704000000,20160229,SAMCHEM,'5147,0.800,0.780,0.780,0.780,0.780,10000,No change,0
1456790400000,20160301,SAMCHEM,'5147,0.780,0.780,0.780,0.780,0.780,25100,No change,0
1456876800000,20160302,SAMCHEM,'5147,0.780,0.780,0.780,0.750,0.750,9300,Decreased,6
1456963200000,20160303,SAMCHEM,'5147,0.750,0.755,0.755,0.755,0.755,1500,No change,0
1457049600000,20160304,SAMCHEM,'5147,0.755,0.780,0.780,0.780,0.780,600,No change,0
1457308800000,20160307,SAMCHEM,'5147,0.780,0.795,0.795,0.735,0.780,9000,Decreased,3
1457395200000,20160308,SAMCHEM,'5147,0.780,0.780,0.780,0.780,0.780,9000,No change,0
1457481600000,20160309,SAMCHEM,'5147,0.780,0.780,0.780,0.780,0.780,-,Closed,0
1457568000000,20160310,SAMCHEM,'5147,0.780,0.740,0.770,0.735,0.770,15700,Increased,6
1457654400000,20160311,SAMCHEM,'5147,0.770,0.770,0.770,0.770,0.770,-,Closed,0
1457913600000,20160314,SAMCHEM,'5147,0.770,0.770,0.770,0.740,0.760,20700,Decreased,2
1458000000000,20160315,SAMCHEM,'5147,0.760,0.760,0.760,0.760,0.760,-,Closed,0
1458086400000,20160316,SAMCHEM,'5147,0.760,0.770,0.770,0.770,0.770,2500,No change,0
1458172800000,20160317,SAMCHEM,'5147,0.770,0.770,0.770,0.770,0.770,-,Closed,0
1458259200000,20160318,SAMCHEM,'5147,0.770,0.760,0.760,0.745,0.760,56700,No change,0
1458518400000,20160321,SAMCHEM,'5147,0.760,0.760,0.760,0.760,0.760,-,Closed,0
1458604800000,20160322,SAMCHEM,'5147,0.760,0.755,0.775,0.755,0.770,21400,Increased,3
1458691200000,20160323,SAMCHEM,'5147,0.770,0.750,0.750,0.750,0.750,10000,No change,0
1458777600000,20160324,SAMCHEM,'5147,0.750,0.750,0.750,0.730,0.730,17000,Decreased,4
1458864000000,20160325,SAMCHEM,'5147,0.730,0.730,0.730,0.730,0.730,-,Closed,0
1459123200000,20160328,SAMCHEM,'5147,0.730,0.730,0.730,0.730,0.730,-,Closed,0
1459209600000,20160329,SAMCHEM,'5147,0.730,0.760,0.760,0.760,0.760,1000,No change,0
1459296000000,20160330,SAMCHEM,'5147,0.760,0.760,0.760,0.760,0.760,-,Closed,0
1459382400000,20160331,SAMCHEM,'5147,0.760,0.760,0.760,0.760,0.760,-,Closed,0
1459468800000,20160401,SAMCHEM,'5147,0.760,0.770,0.770,0.710,0.730,16400,Decreased,8
1459728000000,20160404,SAMCHEM,'5147,0.730,0.730,0.730,0.730,0.730,-,Closed,0
1459814400000,20160405,SAMCHEM,'5147,0.730,0.750,0.750,0.750,0.750,200,No change,0
1459900800000,20160406,SAMCHEM,'5147,0.750,0.750,0.750,0.750,0.750,-,Closed,0
1459987200000,20160407,SAMCHEM,'5147,0.750,0.750,0.750,0.750,0.750,-,Closed,0
1460073600000,20160408,SAMCHEM,'5147,0.750,0.745,0.745,0.745,0.745,100,No change,0
1460332800000,20160411,SAMCHEM,'5147,0.745,0.745,0.745,0.745,0.745,-,Closed,0
1460419200000,20160412,SAMCHEM,'5147,0.745,0.745,0.745,0.745,0.745,-,Closed,0
1460505600000,20160413,SAMCHEM,'5147,0.745,0.745,0.745,0.745,0.745,-,Closed,0
1460592000000,20160414,SAMCHEM,'5147,0.745,0.700,0.700,0.650,0.650,2000,Decreased,10
1460678400000,20160415,SAMCHEM,'5147,0.650,0.730,0.750,0.730,0.745,123100,Increased,3
1460937600000,20160418,SAMCHEM,'5147,0.745,0.740,0.740,0.740,0.740,5000,No change,0
1461024000000,20160419,SAMCHEM,'5147,0.740,0.740,0.750,0.740,0.750,20100,Increased,2
1461110400000,20160420,SAMCHEM,'5147,0.750,0.750,0.755,0.750,0.755,9300,Increased,1
1461196800000,20160421,SAMCHEM,'5147,0.755,0.755,0.755,0.755,0.755,10000,No change,0
1461283200000,20160422,SAMCHEM,'5147,0.755,0.755,0.755,0.740,0.740,27000,Decreased,3
1461542400000,20160425,SAMCHEM,'5147,0.740,0.740,0.740,0.740,0.740,-,Closed,0
1461628800000,20160426,SAMCHEM,'5147,0.740,0.775,0.775,0.775,0.775,200,No change,0
1461715200000,20160427,SAMCHEM,'5147,0.775,0.775,0.775,0.775,0.775,-,Closed,0
1461801600000,20160428,SAMCHEM,'5147,0.775,0.780,0.780,0.715,0.780,1100,No change,0
1461888000000,20160429,SAMCHEM,'5147,0.780,0.780,0.780,0.780,0.780,-,Closed,0
1462233600000,20160503,SAMCHEM,'5147,0.780,0.780,0.780,0.780,0.780,100,No change,0
1462320000000,20160504,SAMCHEM,'5147,0.780,0.780,0.780,0.780,0.780,-,Closed,0
1462406400000,20160505,SAMCHEM,'5147,0.780,0.780,0.780,0.780,0.780,-,Closed,0
1462492800000,20160506,SAMCHEM,'5147,0.780,0.780,0.780,0.780,0.780,-,Closed,0
1462752000000,20160509,SAMCHEM,'5147,0.780,0.780,0.780,0.780,0.780,-,Closed,0
1462838400000,20160510,SAMCHEM,'5147,0.780,0.780,0.780,0.780,0.780,-,Closed,0
1462924800000,20160511,SAMCHEM,'5147,0.780,0.780,0.780,0.780,0.780,-,Closed,0
1463011200000,20160512,SAMCHEM,'5147,0.780,0.780,0.780,0.780,0.780,-,Closed,0
1463097600000,20160513,SAMCHEM,'5147,0.780,0.780,0.780,0.780,0.780,-,Closed,0
1463356800000,20160516,SAMCHEM,'5147,0.780,0.780,0.780,0.780,0.780,-,Closed,0
1463443200000,20160517,SAMCHEM,'5147,0.780,0.700,0.750,0.650,0.750,15000,Increased,10
1463529600000,20160518,SAMCHEM,'5147,0.750,0.750,0.750,0.750,0.750,-,Closed,0
1463616000000,20160519,SAMCHEM,'5147,0.750,0.750,0.750,0.750,0.750,-,Closed,0
1463702400000,20160520,SAMCHEM,'5147,0.750,0.750,0.750,0.750,0.750,-,Closed,0
1463961600000,20160523,SAMCHEM,'5147,0.750,0.750,0.750,0.750,0.750,300,No change,0
1464048000000,20160524,SAMCHEM,'5147,0.750,0.750,0.750,0.750,0.750,-,Closed,0
1464134400000,20160525,SAMCHEM,'5147,0.750,0.680,0.770,0.680,0.755,100700,Increased,15
1464220800000,20160526,SAMCHEM,'5147,0.755,0.770,0.780,0.760,0.770,28900,No change,0
1464307200000,20160527,SAMCHEM,'5147,0.770,0.780,0.780,0.780,0.780,40000,No change,0
1464566400000,20160530,SAMCHEM,'5147,0.780,0.780,0.780,0.770,0.770,44900,Decreased,2
1464652800000,20160531,SAMCHEM,'5147,0.770,0.780,0.810,0.780,0.800,91000,Increased,4
1464739200000,20160601,SAMCHEM,'5147,0.800,0.800,0.800,0.765,0.800,27200,No change,0
1464825600000,20160602,SAMCHEM,'5147,0.800,0.800,0.800,0.800,0.800,-,Closed,0
1464912000000,20160603,SAMCHEM,'5147,0.800,0.800,0.800,0.800,0.800,-,Closed,0
1465171200000,20160606,SAMCHEM,'5147,0.800,0.775,0.780,0.695,0.780,17500,Increased,1
1465257600000,20160607,SAMCHEM,'5147,0.780,0.770,0.770,0.765,0.765,500,Decreased,1
1465344000000,20160608,SAMCHEM,'5147,0.765,0.780,0.790,0.760,0.790,11600,Increased,2
1465430400000,20160609,SAMCHEM,'5147,0.790,0.790,0.790,0.790,0.790,-,Closed,0
1465516800000,20160610,SAMCHEM,'5147,0.790,0.765,0.765,0.730,0.730,3000,Decreased,7
1465776000000,20160613,SAMCHEM,'5147,0.730,0.790,0.790,0.740,0.765,13700,Decreased,5
1465862400000,20160614,SAMCHEM,'5147,0.765,0.740,0.780,0.740,0.780,11900,Increased,8
1465948800000,20160615,SAMCHEM,'5147,0.780,0.780,0.780,0.780,0.780,-,Closed,0
1466035200000,20160616,SAMCHEM,'5147,0.780,0.795,0.795,0.795,0.795,200,No change,0
1466121600000,20160617,SAMCHEM,'5147,0.795,0.795,0.795,0.795,0.795,-,Closed,0
1466380800000,20160620,SAMCHEM,'5147,0.795,0.795,0.795,0.795,0.795,-,Closed,0
1466467200000,20160621,SAMCHEM,'5147,0.795,0.795,0.795,0.795,0.795,3900,No change,0
1466640000000,20160623,SAMCHEM,'5147,0.795,0.795,0.795,0.795,0.795,-,Closed,0
1466726400000,20160624,SAMCHEM,'5147,0.795,0.765,0.765,0.765,0.765,100,No change,0
1466985600000,20160627,SAMCHEM,'5147,0.765,0.765,0.770,0.765,0.770,1800,Increased,1
1467072000000,20160628,SAMCHEM,'5147,0.770,0.790,0.790,0.790,0.790,1100,No change,0
1467158400000,20160629,SAMCHEM,'5147,0.790,0.795,0.795,0.795,0.795,200,No change,0
1467244800000,20160630,SAMCHEM,'5147,0.795,0.795,0.795,0.795,0.795,-,Closed,0
1467331200000,20160701,SAMCHEM,'5147,0.795,0.795,0.795,0.790,0.790,300,Decreased,1
1467590400000,20160704,SAMCHEM,'5147,0.790,0.790,0.790,0.790,0.790,-,Closed,0
1467676800000,20160705,SAMCHEM,'5147,0.790,0.790,0.790,0.790,0.790,-,Closed,0
1467936000000,20160708,SAMCHEM,'5147,0.790,0.790,0.795,0.790,0.795,700,Increased,1
1468195200000,20160711,SAMCHEM,'5147,0.795,0.750,0.795,0.750,0.785,7400,Increased,7
1468281600000,20160712,SAMCHEM,'5147,0.785,0.785,0.785,0.785,0.785,-,Closed,0
1468368000000,20160713,SAMCHEM,'5147,0.785,0.805,0.805,0.795,0.800,2200,Decreased,1
1468454400000,20160714,SAMCHEM,'5147,0.800,0.805,0.820,0.805,0.820,5200,Increased,3
1468540800000,20160715,SAMCHEM,'5147,0.820,0.820,0.820,0.820,0.820,2000,No change,0
1468800000000,20160718,SAMCHEM,'5147,0.820,0.820,0.820,0.820,0.820,-,Closed,0
1468886400000,20160719,SAMCHEM,'5147,0.820,0.820,0.820,0.760,0.810,19400,Decreased,2
1468972800000,20160720,SAMCHEM,'5147,0.810,0.820,0.820,0.800,0.800,5300,Decreased,4
1469059200000,20160721,SAMCHEM,'5147,0.800,0.800,0.800,0.800,0.800,-,Closed,0
1469145600000,20160722,SAMCHEM,'5147,0.800,0.820,0.820,0.760,0.805,1200,Decreased,3
1469404800000,20160725,SAMCHEM,'5147,0.805,0.810,0.815,0.790,0.790,8500,Decreased,4
1469491200000,20160726,SAMCHEM,'5147,0.790,0.820,0.820,0.820,0.820,200,No change,0
1469577600000,20160727,SAMCHEM,'5147,0.820,0.805,0.820,0.805,0.820,3200,Increased,3
1469664000000,20160728,SAMCHEM,'5147,0.820,0.805,0.815,0.770,0.815,5700,Increased,2
1469750400000,20160729,SAMCHEM,'5147,0.815,0.820,0.820,0.790,0.820,20600,No change,0
1470009600000,20160801,SAMCHEM,'5147,0.820,0.840,0.840,0.790,0.830,2100,Decreased,2
1470096000000,20160802,SAMCHEM,'5147,0.830,0.780,0.825,0.780,0.825,3200,Increased,9
1470182400000,20160803,SAMCHEM,'5147,0.825,0.840,0.840,0.780,0.780,1000,Decreased,12
1470268800000,20160804,SAMCHEM,'5147,0.780,0.820,0.820,0.820,0.820,1000,No change,0
1470355200000,20160805,SAMCHEM,'5147,0.820,0.820,0.820,0.820,0.820,-,Closed,0
1470614400000,20160808,SAMCHEM,'5147,0.820,0.840,0.840,0.810,0.810,100500,Decreased,6
1470700800000,20160809,SAMCHEM,'5147,0.810,0.810,0.810,0.810,0.810,-,Closed,0
1470787200000,20160810,SAMCHEM,'5147,0.810,0.790,0.790,0.790,0.790,19500,No change,0
1470873600000,20160811,SAMCHEM,'5147,0.790,0.805,0.820,0.785,0.820,8300,Increased,3
1470960000000,20160812,SAMCHEM,'5147,0.820,0.830,0.830,0.830,0.830,200,No change,0
1471219200000,20160815,SAMCHEM,'5147,0.830,0.830,0.830,0.830,0.830,-,Closed,0
1471305600000,20160816,SAMCHEM,'5147,0.830,0.830,0.830,0.830,0.830,-,Closed,0
1471392000000,20160817,SAMCHEM,'5147,0.830,0.830,0.830,0.830,0.830,-,Closed,0
1471478400000,20160818,SAMCHEM,'5147,0.830,0.830,0.830,0.830,0.830,-,Closed,0
1471564800000,20160819,SAMCHEM,'5147,0.830,0.765,0.830,0.750,0.790,22600,Increased,5
1471824000000,20160822,SAMCHEM,'5147,0.790,0.820,0.820,0.820,0.820,200,No change,0
1471910400000,20160823,SAMCHEM,'5147,0.820,0.835,0.855,0.825,0.840,373700,Increased,1
1471996800000,20160824,SAMCHEM,'5147,0.840,0.850,0.915,0.845,0.915,1459400,Increased,13
1472083200000,20160825,SAMCHEM,'5147,0.915,0.900,0.950,0.895,0.930,956900,Increased,6
1472169600000,20160826,SAMCHEM,'5147,0.930,0.935,0.955,0.930,0.940,346000,Increased,1
1472428800000,20160829,SAMCHEM,'5147,0.940,0.965,0.985,0.905,0.905,258000,Decreased,12
1472515200000,20160830,SAMCHEM,'5147,0.905,0.885,0.905,0.885,0.905,92700,Increased,4
1472688000000,20160901,SAMCHEM,'5147,0.905,0.905,0.925,0.900,0.920,563900,Increased,3
1472774400000,20160902,SAMCHEM,'5147,0.920,0.935,0.950,0.935,0.945,422000,Increased,2
1473033600000,20160905,SAMCHEM,'5147,0.945,0.945,0.970,0.945,0.960,659500,Increased,3
1473120000000,20160906,SAMCHEM,'5147,0.960,0.955,0.955,0.925,0.955,392000,No change,0
1473206400000,20160907,SAMCHEM,'5147,0.955,0.960,0.960,0.945,0.945,241900,Decreased,3
1473292800000,20160908,SAMCHEM,'5147,0.945,0.950,0.950,0.940,0.945,75300,Decreased,1
1473379200000,20160909,SAMCHEM,'5147,0.945,0.945,1.010,0.940,0.995,872400,Increased,10
1473724800000,20160913,SAMCHEM,'5147,0.995,0.985,1.010,0.950,0.995,588500,Increased,2
1473811200000,20160914,SAMCHEM,'5147,0.995,0.980,1.020,0.980,1.020,430200,Increased,6
1473897600000,20160915,SAMCHEM,'5147,1.020,1.020,1.090,1.020,1.070,762500,Increased,5
1474243200000,20160919,SAMCHEM,'5147,1.070,1.090,1.120,1.070,1.090,428300,No change,0
1474329600000,20160920,SAMCHEM,'5147,1.090,1.090,1.090,1.050,1.070,368300,Decreased,2
1474416000000,20160921,SAMCHEM,'5147,1.070,1.070,1.090,1.060,1.080,144000,Increased,1
1474502400000,20160922,SAMCHEM,'5147,1.080,1.060,1.100,1.040,1.090,271400,Increased,3
1474588800000,20160923,SAMCHEM,'5147,1.090,1.090,1.100,1.090,1.100,35800,Increased,1
1474848000000,20160926,SAMCHEM,'5147,1.100,1.090,1.090,1.060,1.080,87100,Decreased,1
1474934400000,20160927,SAMCHEM,'5147,1.080,1.080,1.080,1.040,1.070,95200,Decreased,1
1475020800000,20160928,SAMCHEM,'5147,1.070,1.070,1.180,1.060,1.160,875800,Increased,9
1475107200000,20160929,SAMCHEM,'5147,1.160,1.160,1.190,1.150,1.180,511300,Increased,2
1475193600000,20160930,SAMCHEM,'5147,1.180,1.180,1.180,1.150,1.160,57900,Decreased,2
1475539200000,20161004,SAMCHEM,'5147,1.160,1.170,1.180,1.150,1.170,94400,No change,0
1475625600000,20161005,SAMCHEM,'5147,1.170,1.160,1.160,1.130,1.140,287000,Decreased,2
1475712000000,20161006,SAMCHEM,'5147,1.140,1.140,1.210,1.140,1.200,522500,Increased,6
1475798400000,20161007,SAMCHEM,'5147,1.200,1.210,1.210,1.170,1.200,80400,Decreased,1
1476057600000,20161010,SAMCHEM,'5147,1.200,1.210,1.260,1.210,1.230,352900,Increased,2
1476144000000,20161011,SAMCHEM,'5147,1.230,1.260,1.310,1.250,1.300,355100,Increased,4
1476230400000,20161012,SAMCHEM,'5147,1.300,1.310,1.310,1.280,1.300,162200,Decreased,1
1476316800000,20161013,SAMCHEM,'5147,1.300,1.310,1.310,1.270,1.290,100500,Decreased,2
1476403200000,20161014,SAMCHEM,'5147,1.290,1.270,1.310,1.260,1.310,27500,Increased,4
1476662400000,20161017,SAMCHEM,'5147,1.310,1.290,1.300,1.270,1.280,99500,Decreased,1
1476748800000,20161018,SAMCHEM,'5147,1.280,1.300,1.460,1.300,1.370,616400,Increased,7
1476835200000,20161019,SAMCHEM,'5147,1.370,1.410,1.410,1.370,1.380,204800,Decreased,3
1476921600000,20161020,SAMCHEM,'5147,1.380,1.380,1.460,1.380,1.450,761800,Increased,7
1477008000000,20161021,SAMCHEM,'5147,1.450,1.470,1.510,1.430,1.430,517300,Decreased,4
1477267200000,20161024,SAMCHEM,'5147,1.430,1.430,1.470,1.420,1.470,230300,Increased,4
1477353600000,20161025,SAMCHEM,'5147,1.470,1.480,1.480,1.440,1.460,78100,Decreased,2
1477440000000,20161026,SAMCHEM,'5147,1.460,1.470,1.470,1.400,1.400,193000,Decreased,7
1477526400000,20161027,SAMCHEM,'5147,1.400,1.380,1.450,1.380,1.410,95100,Increased,3
1477612800000,20161028,SAMCHEM,'5147,1.410,1.420,1.460,1.410,1.440,147600,Increased,2
1477872000000,20161031,SAMCHEM,'5147,1.440,1.430,1.430,1.400,1.410,39700,Decreased,2
1477958400000,20161101,SAMCHEM,'5147,1.410,1.410,1.410,1.370,1.400,86600,Decreased,1
1478044800000,20161102,SAMCHEM,'5147,1.400,1.400,1.420,1.300,1.340,316800,Decreased,6
1478131200000,20161103,SAMCHEM,'5147,1.340,1.350,1.350,1.250,1.270,119600,Decreased,8
1478217600000,20161104,SAMCHEM,'5147,1.270,1.260,1.310,1.260,1.290,249500,Increased,3
1478476800000,20161107,SAMCHEM,'5147,1.290,1.290,1.320,1.290,1.290,133200,No change,0
1478563200000,20161108,SAMCHEM,'5147,1.290,1.310,1.350,1.290,1.320,56400,Increased,1
1478649600000,20161109,SAMCHEM,'5147,1.320,1.330,1.340,1.250,1.270,222800,Decreased,6
1478736000000,20161110,SAMCHEM,'5147,1.270,1.300,1.370,1.300,1.370,152200,Increased,7
1478822400000,20161111,SAMCHEM,'5147,1.370,1.370,1.400,1.330,1.330,83900,Decreased,4
1479081600000,20161114,SAMCHEM,'5147,1.330,1.380,1.380,1.280,1.300,297500,Decreased,8
1479168000000,20161115,SAMCHEM,'5147,1.300,1.350,1.370,1.310,1.360,52300,Increased,1
1479254400000,20161116,SAMCHEM,'5147,1.360,1.370,1.370,1.340,1.360,14100,Decreased,1
1479340800000,20161117,SAMCHEM,'5147,1.360,1.350,1.370,1.350,1.360,26700,Increased,1
1479427200000,20161118,SAMCHEM,'5147,1.360,1.360,1.370,1.330,1.330,178200,Decreased,3
1479686400000,20161121,SAMCHEM,'5147,1.330,1.330,1.340,1.300,1.340,48600,Increased,1
1479772800000,20161122,SAMCHEM,'5147,1.340,1.340,1.340,1.320,1.320,14800,Decreased,2
1479859200000,20161123,SAMCHEM,'5147,1.320,1.340,1.340,1.320,1.330,4000,Decreased,1
1479945600000,20161124,SAMCHEM,'5147,1.330,1.310,1.310,1.260,1.280,55800,Decreased,3
1480032000000,20161125,SAMCHEM,'5147,1.280,1.310,1.310,1.200,1.290,9800,Decreased,2
1480291200000,20161128,SAMCHEM,'5147,1.290,1.280,1.380,1.280,1.370,250600,Increased,9
1480377600000,20161129,SAMCHEM,'5147,1.370,1.360,1.380,1.340,1.380,150300,Increased,2
1480464000000,20161130,SAMCHEM,'5147,1.380,1.370,1.370,1.330,1.360,118700,Decreased,1
1480550400000,20161201,SAMCHEM,'5147,1.360,1.380,1.380,1.340,1.340,36500,Decreased,4
1480636800000,20161202,SAMCHEM,'5147,1.340,1.380,1.380,1.330,1.360,66800,Decreased,2
1480896000000,20161205,SAMCHEM,'5147,1.360,1.380,1.380,1.370,1.370,5900,Decreased,1
1480982400000,20161206,SAMCHEM,'5147,1.370,1.360,1.360,1.330,1.360,80100,No change,0
1481068800000,20161207,SAMCHEM,'5147,1.360,1.360,1.360,1.330,1.330,57800,Decreased,3
1481155200000,20161208,SAMCHEM,'5147,1.330,1.360,1.360,1.320,1.320,48100,Decreased,4
1481241600000,20161209,SAMCHEM,'5147,1.320,1.330,1.380,1.330,1.370,37400,Increased,4
1481587200000,20161213,SAMCHEM,'5147,1.370,1.370,1.370,1.370,1.370,-,Closed,0
1481673600000,20161214,SAMCHEM,'5147,1.370,1.330,1.380,1.330,1.360,74000,Increased,3
1481760000000,20161215,SAMCHEM,'5147,1.360,1.380,1.380,1.330,1.350,98200,Decreased,3
1481846400000,20161216,SAMCHEM,'5147,1.350,1.360,1.360,1.350,1.360,30600,No change,0
1482105600000,20161219,SAMCHEM,'5147,1.360,1.350,1.360,1.280,1.330,177600,Decreased,2
1482192000000,20161220,SAMCHEM,'5147,1.330,1.360,1.380,1.340,1.340,139400,Decreased,2
1482278400000,20161221,SAMCHEM,'5147,1.340,1.350,1.360,1.330,1.350,60200,No change,0
1482364800000,20161222,SAMCHEM,'5147,1.350,1.340,1.340,1.310,1.330,85700,Decreased,1
1482451200000,20161223,SAMCHEM,'5147,1.330,1.350,1.350,1.350,1.350,200,No change,0
1482796800000,20161227,SAMCHEM,'5147,1.350,1.360,1.400,1.360,1.400,52200,Increased,4
1482883200000,20161228,SAMCHEM,'5147,1.400,1.420,1.450,1.370,1.420,129500,No change,0
1482969600000,20161229,SAMCHEM,'5147,1.420,1.440,1.440,1.390,1.420,59400,Decreased,2
1483056000000,20161230,SAMCHEM,'5147,1.420,1.380,1.440,1.380,1.430,15300,Increased,5
1483401600000,20170103,SAMCHEM,'5147,1.430,1.390,1.420,1.380,1.380,128000,Decreased,1
1483488000000,20170104,SAMCHEM,'5147,1.380,1.420,1.430,1.400,1.420,108700,No change,0
1483574400000,20170105,SAMCHEM,'5147,1.420,1.420,1.450,1.420,1.440,102500,Increased,2
1483660800000,20170106,SAMCHEM,'5147,1.440,1.440,1.440,1.410,1.440,60700,No change,0
1483920000000,20170109,SAMCHEM,'5147,1.440,1.430,1.440,1.390,1.430,53700,No change,0
1484006400000,20170110,SAMCHEM,'5147,1.430,1.430,1.440,1.430,1.430,9500,No change,0
1484092800000,20170111,SAMCHEM,'5147,1.430,1.420,1.430,1.390,1.430,45800,Increased,1
1484179200000,20170112,SAMCHEM,'5147,1.430,1.400,1.430,1.390,1.430,18000,Increased,3
1484265600000,20170113,SAMCHEM,'5147,1.430,1.430,1.430,1.430,1.430,-,Closed,0
1484524800000,20170116,SAMCHEM,'5147,1.430,1.410,1.410,1.390,1.390,2600,Decreased,2
1484611200000,20170117,SAMCHEM,'5147,1.390,1.400,1.400,1.320,1.400,7600,No change,0
1484697600000,20170118,SAMCHEM,'5147,1.400,1.400,1.400,1.390,1.400,8200,No change,0
1484784000000,20170119,SAMCHEM,'5147,1.400,1.340,1.380,1.340,1.350,30300,Increased,1
1484870400000,20170120,SAMCHEM,'5147,1.350,1.340,1.380,1.330,1.340,44200,No change,0
1485129600000,20170123,SAMCHEM,'5147,1.340,1.390,1.390,1.320,1.350,6100,Decreased,4
1485216000000,20170124,SAMCHEM,'5147,1.350,1.330,1.390,1.330,1.340,7300,Increased,1
1485302400000,20170125,SAMCHEM,'5147,1.340,1.380,1.390,1.330,1.330,15500,Decreased,5
1485388800000,20170126,SAMCHEM,'5147,1.330,1.390,1.390,1.370,1.390,600,No change,0
1485475200000,20170127,SAMCHEM,'5147,1.390,1.390,1.390,1.390,1.390,2000,No change,0
1485820800000,20170131,SAMCHEM,'5147,1.390,1.380,1.390,1.340,1.340,11400,Decreased,4
1485993600000,20170202,SAMCHEM,'5147,1.340,1.390,1.400,1.360,1.390,3500,No change,0
1486080000000,20170203,SAMCHEM,'5147,1.390,1.400,1.400,1.370,1.390,8900,Decreased,1
1486339200000,20170206,SAMCHEM,'5147,1.390,1.390,1.500,1.390,1.470,394500,Increased,8
1486425600000,20170207,SAMCHEM,'5147,1.470,1.490,1.700,1.490,1.700,2234300,Increased,21
1486512000000,20170208,SAMCHEM,'5147,1.700,1.730,1.750,1.670,1.680,616700,Decreased,5
1486684800000,20170210,SAMCHEM,'5147,1.680,1.700,1.730,1.690,1.720,447000,Increased,2
1486944000000,20170213,SAMCHEM,'5147,1.720,1.710,1.710,1.690,1.700,229000,Decreased,1
1487030400000,20170214,SAMCHEM,'5147,1.700,1.690,1.700,1.670,1.700,167600,Increased,1
1487116800000,20170215,SAMCHEM,'5147,1.700,1.660,1.700,1.660,1.700,49900,Increased,4
1487203200000,20170216,SAMCHEM,'5147,1.700,1.690,1.770,1.680,1.750,403500,Increased,6
1487289600000,20170217,SAMCHEM,'5147,1.750,1.730,1.740,1.710,1.730,81500,No change,0
1487548800000,20170220,SAMCHEM,'5147,1.730,1.740,1.740,1.710,1.720,201800,Decreased,2
1487635200000,20170221,SAMCHEM,'5147,1.720,1.730,1.770,1.700,1.750,756500,Increased,2
1487721600000,20170222,SAMCHEM,'5147,1.750,1.760,1.760,1.710,1.720,748600,Decreased,4
1487808000000,20170223,SAMCHEM,'5147,1.720,1.750,1.760,1.730,1.760,386800,Increased,1
1487894400000,20170224,SAMCHEM,'5147,1.760,1.770,1.840,1.770,1.770,925100,No change,0
1488153600000,20170227,SAMCHEM,'5147,1.770,1.770,1.770,1.700,1.700,461700,Decreased,7
1488240000000,20170228,SAMCHEM,'5147,1.700,1.700,1.740,1.690,1.700,183700,No change,0
1488326400000,20170301,SAMCHEM,'5147,1.700,1.710,1.850,1.710,1.840,384900,Increased,13
1488412800000,20170302,SAMCHEM,'5147,1.840,1.830,1.850,1.790,1.830,250800,No change,0
1488499200000,20170303,SAMCHEM,'5147,1.830,1.840,1.840,1.830,1.830,400,Decreased,1
1488758400000,20170306,SAMCHEM,'5147,1.830,1.830,1.840,1.820,1.840,259100,Increased,1
1488844800000,20170307,SAMCHEM,'5147,1.840,1.850,1.920,1.830,1.900,282600,Increased,5
1488931200000,20170308,SAMCHEM,'5147,1.900,1.940,1.990,1.920,1.990,358800,Increased,5
1489017600000,20170309,SAMCHEM,'5147,1.990,2.000,2.000,1.950,1.970,53000,Decreased,3
1489104000000,20170310,SAMCHEM,'5147,1.970,1.980,1.980,1.940,1.940,37600,Decreased,4
1489363200000,20170313,SAMCHEM,'5147,1.940,1.950,1.950,1.930,1.950,25400,No change,0
1489449600000,20170314,SAMCHEM,'5147,1.950,1.940,1.940,1.900,1.940,83300,No change,0
1489536000000,20170315,SAMCHEM,'5147,1.940,1.930,2.060,1.930,2.060,361300,Increased,13
1489622400000,20170316,SAMCHEM,'5147,2.060,2.080,2.120,2.060,2.080,270000,No change,0
1489708800000,20170317,SAMCHEM,'5147,2.080,2.080,2.120,2.080,2.090,76800,Increased,1
1489968000000,20170320,SAMCHEM,'5147,2.090,2.120,2.120,2.070,2.110,114600,Decreased,1
1490054400000,20170321,SAMCHEM,'5147,2.110,2.120,2.120,2.070,2.070,318300,Decreased,5
1490140800000,20170322,SAMCHEM,'5147,2.070,2.050,2.100,2.030,2.100,76000,Increased,5
1490227200000,20170323,SAMCHEM,'5147,2.100,2.100,2.330,2.090,2.280,761700,Increased,18
1490313600000,20170324,SAMCHEM,'5147,2.280,2.280,2.290,2.240,2.270,827300,Decreased,1
1490572800000,20170327,SAMCHEM,'5147,2.270,2.300,2.320,2.250,2.270,81900,Decreased,3
1490659200000,20170328,SAMCHEM,'5147,2.270,2.200,2.280,2.190,2.230,105600,Increased,3
1490745600000,20170329,SAMCHEM,'5147,2.230,2.260,2.270,2.190,2.240,132400,Decreased,2
1490832000000,20170330,SAMCHEM,'5147,2.240,2.200,2.200,2.190,2.200,103200,No change,0
1490918400000,20170331,SAMCHEM,'5147,2.200,2.200,2.300,2.200,2.290,90000,Increased,9
1491177600000,20170403,SAMCHEM,'5147,2.290,2.270,2.280,2.240,2.280,78600,Increased,1
1491264000000,20170404,SAMCHEM,'5147,2.280,2.270,2.270,2.220,2.270,12500,No change,0
1491350400000,20170405,SAMCHEM,'5147,2.270,2.270,2.300,2.210,2.270,165900,No change,0
1491436800000,20170406,SAMCHEM,'5147,2.270,2.270,2.270,2.210,2.230,99300,Decreased,4
1491523200000,20170407,SAMCHEM,'5147,2.230,2.230,2.240,2.190,2.220,128600,Decreased,1
1491782400000,20170410,SAMCHEM,'5147,2.220,2.210,2.210,2.180,2.200,125500,Decreased,1
1491868800000,20170411,SAMCHEM,'5147,2.200,2.200,2.200,2.050,2.090,329000,Decreased,11
1491955200000,20170412,SAMCHEM,'5147,2.090,2.090,2.120,1.980,2.060,535100,Decreased,3
1492041600000,20170413,SAMCHEM,'5147,2.060,2.030,2.060,1.950,1.970,260800,Decreased,6
1492128000000,20170414,SAMCHEM,'5147,1.970,1.940,1.940,1.870,1.940,160900,No change,0
1492387200000,20170417,SAMCHEM,'5147,1.940,1.950,2.040,1.950,2.020,500400,Increased,7
1492473600000,20170418,SAMCHEM,'5147,2.020,2.020,2.080,2.020,2.030,814900,Increased,1
1492560000000,20170419,SAMCHEM,'5147,2.030,2.030,2.140,2.010,2.140,614400,Increased,11
1492646400000,20170420,SAMCHEM,'5147,2.140,2.130,2.180,2.110,2.180,890900,Increased,5
1492732800000,20170421,SAMCHEM,'5147,2.180,2.200,2.230,2.180,2.200,436500,No change,0
1493078400000,20170425,SAMCHEM,'5147,2.200,2.250,2.300,2.240,2.300,949800,Increased,5
1493164800000,20170426,SAMCHEM,'5147,2.300,2.300,2.320,2.250,2.280,409200,Decreased,2
1493251200000,20170427,SAMCHEM,'5147,2.280,2.280,2.280,2.260,2.270,171200,Decreased,1
1493337600000,20170428,SAMCHEM,'5147,2.270,2.260,2.280,2.250,2.280,261100,Increased,2
1493683200000,20170502,SAMCHEM,'5147,2.280,2.290,2.290,2.190,2.220,791700,Decreased,7
1493769600000,20170503,SAMCHEM,'5147,2.220,2.220,2.240,2.180,2.200,609300,Decreased,2
1493856000000,20170504,SAMCHEM,'5147,2.200,2.200,2.200,2.150,2.150,460500,Decreased,5
1493942400000,20170505,SAMCHEM,'5147,2.150,2.170,2.250,2.160,2.180,952400,Increased,1
1494201600000,20170508,SAMCHEM,'5147,2.180,2.200,2.210,2.120,2.130,1106500,Decreased,7
1494288000000,20170509,SAMCHEM,'5147,2.130,1.070,1.080,1.050,1.050,602700,Decreased,2
1494460800000,20170511,SAMCHEM,'5147,1.050,1.050,1.050,0.970,0.975,1603000,Decreased,10
1494547200000,20170512,SAMCHEM,'5147,0.975,0.980,1.000,0.970,0.975,1876700,Decreased,1
1494806400000,20170515,SAMCHEM,'5147,0.975,0.975,0.980,0.935,0.950,833500,Decreased,5
1494892800000,20170516,SAMCHEM,'5147,0.950,0.950,0.950,0.935,0.935,722700,Decreased,3
1494979200000,20170517,SAMCHEM,'5147,0.935,0.940,0.940,0.900,0.920,1044100,Decreased,4
1495065600000,20170518,SAMCHEM,'5147,0.920,0.905,0.925,0.890,0.910,2391000,Increased,1
1495152000000,20170519,SAMCHEM,'5147,0.910,0.910,0.945,0.905,0.905,2413200,Decreased,1
1495411200000,20170522,SAMCHEM,'5147,0.905,0.925,0.990,0.925,0.970,2712100,Increased,9
1495497600000,20170523,SAMCHEM,'5147,0.970,0.970,0.980,0.920,0.925,3300800,Decreased,9
1495584000000,20170524,SAMCHEM,'5147,0.925,0.940,0.945,0.920,0.930,1356000,Decreased,2
1495670400000,20170525,SAMCHEM,'5147,0.930,0.920,0.925,0.915,0.915,1065300,Decreased,1
1495756800000,20170526,SAMCHEM,'5147,0.915,0.915,0.920,0.900,0.900,1210100,Decreased,3
1496016000000,20170529,SAMCHEM,'5147,0.900,0.915,0.920,0.880,0.895,1344700,Decreased,4
1496102400000,20170530,SAMCHEM,'5147,0.895,0.895,0.895,0.865,0.885,528500,Decreased,2
1496188800000,20170531,SAMCHEM,'5147,0.885,0.880,0.915,0.875,0.895,696900,Increased,3
1496275200000,20170601,SAMCHEM,'5147,0.895,0.895,0.900,0.885,0.900,479700,Increased,1
1496361600000,20170602,SAMCHEM,'5147,0.900,0.900,0.900,0.885,0.890,589100,Decreased,2
1496620800000,20170605,SAMCHEM,'5147,0.890,0.900,0.945,0.900,0.935,1331300,Increased,7
1496707200000,20170606,SAMCHEM,'5147,0.935,0.935,1.000,0.935,0.975,3453100,Increased,8
1496793600000,20170607,SAMCHEM,'5147,0.975,0.990,0.995,0.975,0.985,1351300,Decreased,1
1496880000000,20170608,SAMCHEM,'5147,0.985,0.980,0.980,0.970,0.970,430500,Decreased,2
1496966400000,20170609,SAMCHEM,'5147,0.970,0.975,1.030,0.975,0.995,3052400,Increased,4
1497312000000,20170613,SAMCHEM,'5147,0.995,1.010,1.030,0.995,1.000,1730400,Decreased,1
1497398400000,20170614,SAMCHEM,'5147,1.000,1.010,1.020,1.000,1.000,566700,Decreased,1
1497484800000,20170615,SAMCHEM,'5147,1.000,1.000,1.000,0.985,0.985,499100,Decreased,3
1497571200000,20170616,SAMCHEM,'5147,0.985,0.985,0.990,0.960,0.965,693500,Decreased,4
1497830400000,20170619,SAMCHEM,'5147,0.965,0.960,0.965,0.935,0.960,589200,No change,0
1497916800000,20170620,SAMCHEM,'5147,0.960,0.960,0.980,0.940,0.940,382000,Decreased,4
1498003200000,20170621,SAMCHEM,'5147,0.940,0.935,0.950,0.920,0.950,232800,Increased,3
1498089600000,20170622,SAMCHEM,'5147,0.950,0.955,0.955,0.945,0.950,138700,Decreased,1
1498176000000,20170623,SAMCHEM,'5147,0.950,0.945,0.950,0.935,0.935,308400,Decreased,2
1498608000000,20170628,SAMCHEM,'5147,0.935,0.940,0.940,0.925,0.925,129200,Decreased,3
1498694400000,20170629,SAMCHEM,'5147,0.925,0.925,0.940,0.920,0.930,467700,Increased,1
1498780800000,20170630,SAMCHEM,'5147,0.930,0.930,0.950,0.915,0.915,1201300,Decreased,3
1499040000000,20170703,SAMCHEM,'5147,0.915,0.915,0.915,0.890,0.905,1283500,Decreased,2
1499126400000,20170704,SAMCHEM,'5147,0.905,0.905,0.920,0.905,0.910,429700,Increased,1
1499212800000,20170705,SAMCHEM,'5147,0.910,0.910,0.935,0.910,0.925,1312600,Increased,3
1499299200000,20170706,SAMCHEM,'5147,0.925,0.930,0.960,0.920,0.930,3690100,No change,0
1499385600000,20170707,SAMCHEM,'5147,0.930,0.930,0.930,0.920,0.920,298600,Decreased,2
1499644800000,20170710,SAMCHEM,'5147,0.920,0.920,0.920,0.900,0.900,762700,Decreased,4
1499731200000,20170711,SAMCHEM,'5147,0.900,0.900,0.905,0.865,0.875,1470600,Decreased,5
1499817600000,20170712,SAMCHEM,'5147,0.875,0.880,0.885,0.865,0.870,829300,Decreased,2
1499904000000,20170713,SAMCHEM,'5147,0.870,0.880,0.890,0.880,0.885,465700,Increased,1
1499990400000,20170714,SAMCHEM,'5147,0.885,0.890,0.890,0.880,0.880,261900,Decreased,2
1500249600000,20170717,SAMCHEM,'5147,0.880,0.890,0.890,0.875,0.880,455700,Decreased,2
1500336000000,20170718,SAMCHEM,'5147,0.880,0.890,0.900,0.890,0.895,740300,Increased,1
1500422400000,20170719,SAMCHEM,'5147,0.895,0.895,0.910,0.895,0.900,375300,Increased,1
1500508800000,20170720,SAMCHEM,'5147,0.900,0.890,0.900,0.890,0.900,116500,Increased,2
1500595200000,20170721,SAMCHEM,'5147,0.900,0.900,0.905,0.900,0.905,111800,Increased,1
1500854400000,20170724,SAMCHEM,'5147,0.905,0.900,0.900,0.885,0.885,341400,Decreased,3
1500940800000,20170725,SAMCHEM,'5147,0.885,0.895,0.895,0.890,0.890,193300,Decreased,1
1501027200000,20170726,SAMCHEM,'5147,0.890,0.880,0.895,0.880,0.880,289000,No change,0
1501113600000,20170727,SAMCHEM,'5147,0.880,0.880,0.890,0.875,0.890,492300,Increased,2
1501200000000,20170728,SAMCHEM,'5147,0.890,0.880,0.880,0.870,0.870,377900,Decreased,2
1501459200000,20170731,SAMCHEM,'5147,0.870,0.875,0.875,0.860,0.860,576500,Decreased,3
1501545600000,20170801,SAMCHEM,'5147,0.860,0.855,0.860,0.835,0.855,525600,No change,0
1501632000000,20170802,SAMCHEM,'5147,0.855,0.850,0.860,0.840,0.855,223900,Increased,1
1501718400000,20170803,SAMCHEM,'5147,0.855,0.845,0.855,0.845,0.845,215900,No change,0
1501804800000,20170804,SAMCHEM,'5147,0.845,0.845,0.875,0.835,0.865,350800,Increased,4
1502064000000,20170807,SAMCHEM,'5147,0.865,0.860,0.865,0.850,0.850,423400,Decreased,2
1502150400000,20170808,SAMCHEM,'5147,0.850,0.850,0.850,0.810,0.815,1095300,Decreased,7
1502236800000,20170809,SAMCHEM,'5147,0.815,0.815,0.820,0.805,0.820,395800,Increased,1
1502323200000,20170810,SAMCHEM,'5147,0.820,0.820,0.820,0.780,0.780,1158000,Decreased,8
1502409600000,20170811,SAMCHEM,'5147,0.780,0.780,0.795,0.750,0.785,625400,Increased,1
1502668800000,20170814,SAMCHEM,'5147,0.785,0.785,0.800,0.775,0.795,282300,Increased,2
1502755200000,20170815,SAMCHEM,'5147,0.795,0.790,0.790,0.785,0.785,99800,Decreased,1
1502841600000,20170816,SAMCHEM,'5147,0.785,0.765,0.780,0.760,0.775,829300,Increased,2
1502928000000,20170817,SAMCHEM,'5147,0.775,0.785,0.790,0.780,0.785,621100,No change,0
1503014400000,20170818,SAMCHEM,'5147,0.785,0.780,0.815,0.780,0.800,1029100,Increased,4
1503273600000,20170821,SAMCHEM,'5147,0.800,0.800,0.825,0.800,0.805,1128100,Increased,1
1503360000000,20170822,SAMCHEM,'5147,0.805,0.815,0.825,0.810,0.825,660500,Increased,2
1503446400000,20170823,SAMCHEM,'5147,0.825,0.825,0.830,0.810,0.810,376200,Decreased,3
1503532800000,20170824,SAMCHEM,'5147,0.810,0.810,0.810,0.800,0.800,322800,Decreased,2
1503619200000,20170825,SAMCHEM,'5147,0.800,0.800,0.805,0.790,0.800,141200,No change,0
1503878400000,20170828,SAMCHEM,'5147,0.800,0.800,0.810,0.800,0.805,296200,Increased,1
1503964800000,20170829,SAMCHEM,'5147,0.805,0.800,0.800,0.780,0.790,480300,Decreased,2
1504051200000,20170830,SAMCHEM,'5147,0.790,0.785,0.790,0.785,0.790,96700,Increased,1
1504569600000,20170905,SAMCHEM,'5147,0.790,0.800,0.800,0.790,0.790,275900,Decreased,2
1504656000000,20170906,SAMCHEM,'5147,0.790,0.790,0.810,0.770,0.795,351300,Increased,1
1504742400000,20170907,SAMCHEM,'5147,0.795,0.800,0.830,0.800,0.820,1659700,Increased,4
1504828800000,20170908,SAMCHEM,'5147,0.820,0.820,0.860,0.820,0.850,2282400,Increased,6
1505088000000,20170911,SAMCHEM,'5147,0.850,0.855,0.880,0.855,0.880,1013200,Increased,5
1505174400000,20170912,SAMCHEM,'5147,0.880,0.865,0.890,0.865,0.885,1604700,Increased,4
1505260800000,20170913,SAMCHEM,'5147,0.885,0.880,0.880,0.870,0.880,521800,No change,0
1505347200000,20170914,SAMCHEM,'5147,0.880,0.875,0.880,0.870,0.870,296700,Decreased,1
1505433600000,20170915,SAMCHEM,'5147,0.870,0.870,0.885,0.870,0.880,519900,Increased,2
1505692800000,20170918,SAMCHEM,'5147,0.880,0.890,0.930,0.890,0.915,2052900,Increased,5
1505779200000,20170919,SAMCHEM,'5147,0.915,0.925,0.940,0.920,0.925,1040800,No change,0
1505865600000,20170920,SAMCHEM,'5147,0.925,0.915,0.975,0.900,0.975,3647700,Increased,12
1505952000000,20170921,SAMCHEM,'5147,0.975,0.985,1.000,0.975,0.980,3437300,Decreased,1
1506297600000,20170925,SAMCHEM,'5147,0.980,0.980,0.985,0.950,0.970,1931800,Decreased,2
1506384000000,20170926,SAMCHEM,'5147,0.970,0.965,0.965,0.940,0.945,1492800,Decreased,4
1506470400000,20170927,SAMCHEM,'5147,0.945,0.945,0.945,0.935,0.935,1117500,Decreased,2
1506556800000,20170928,SAMCHEM,'5147,0.935,0.935,0.970,0.935,0.960,1343700,Increased,5
1506643200000,20170929,SAMCHEM,'5147,0.960,0.960,0.970,0.955,0.955,1005400,Decreased,1
1506902400000,20171002,SAMCHEM,'5147,0.955,0.955,0.955,0.935,0.935,183500,Decreased,4
1506988800000,20171003,SAMCHEM,'5147,0.935,0.935,0.970,0.935,0.965,1769400,Increased,6
1507075200000,20171004,SAMCHEM,'5147,0.965,0.965,0.965,0.925,0.925,472700,Decreased,8
1507161600000,20171005,SAMCHEM,'5147,0.925,0.925,0.945,0.925,0.935,630700,Increased,2
1507248000000,20171006,SAMCHEM,'5147,0.935,0.935,0.940,0.925,0.930,1123300,Decreased,1
1507507200000,20171009,SAMCHEM,'5147,0.930,0.935,0.935,0.925,0.925,599100,Decreased,2
1507593600000,20171010,SAMCHEM,'5147,0.925,0.925,0.930,0.920,0.925,534400,No change,0
1507680000000,20171011,SAMCHEM,'5147,0.925,0.925,0.940,0.925,0.940,217200,Increased,3
1507766400000,20171012,SAMCHEM,'5147,0.940,0.935,0.975,0.935,0.965,1614200,Increased,6
1507852800000,20171013,SAMCHEM,'5147,0.965,0.970,1.010,0.965,0.990,3177400,Increased,4
1508112000000,20171016,SAMCHEM,'5147,0.990,0.995,1.010,0.980,0.985,1264700,Decreased,2
1508198400000,20171017,SAMCHEM,'5147,0.985,0.990,0.990,0.965,0.975,777700,Decreased,3
1508371200000,20171019,SAMCHEM,'5147,0.975,0.975,0.975,0.970,0.970,639700,Decreased,1
1508457600000,20171020,SAMCHEM,'5147,0.970,0.970,0.970,0.960,0.960,299000,Decreased,2
1508716800000,20171023,SAMCHEM,'5147,0.960,0.965,0.975,0.950,0.955,265600,Decreased,2
1508803200000,20171024,SAMCHEM,'5147,0.955,0.950,0.955,0.950,0.950,156100,No change,0
1508889600000,20171025,SAMCHEM,'5147,0.950,0.945,0.955,0.945,0.955,103800,Increased,2
1508976000000,20171026,SAMCHEM,'5147,0.955,0.955,0.970,0.955,0.970,325600,Increased,3
1509062400000,20171027,SAMCHEM,'5147,0.970,0.975,0.980,0.960,0.970,673000,Decreased,1
1509321600000,20171030,SAMCHEM,'5147,0.970,0.960,1.000,0.960,1.000,1326700,Increased,8
1509408000000,20171031,SAMCHEM,'5147,1.000,1.000,1.030,1.000,1.000,1148600,No change,0
1509494400000,20171101,SAMCHEM,'5147,1.000,1.010,1.010,0.980,0.980,1002800,Decreased,5
1509580800000,20171102,SAMCHEM,'5147,0.980,0.990,0.990,0.960,0.975,1052600,Decreased,3
1509667200000,20171103,SAMCHEM,'5147,0.975,0.980,0.980,0.960,0.965,487500,Decreased,3
1509926400000,20171106,SAMCHEM,'5147,0.965,0.960,0.970,0.960,0.965,880700,Increased,1
1510012800000,20171107,SAMCHEM,'5147,0.965,0.965,0.995,0.965,0.985,595300,Increased,4
1510099200000,20171108,SAMCHEM,'5147,0.985,0.980,0.985,0.970,0.975,343000,Decreased,1
1510185600000,20171109,SAMCHEM,'5147,0.975,0.985,0.990,0.975,0.975,362300,Decreased,2
1510272000000,20171110,SAMCHEM,'5147,0.975,0.985,0.995,0.980,0.985,823800,No change,0
1510531200000,20171113,SAMCHEM,'5147,0.985,1.050,1.070,1.030,1.040,4039100,Decreased,1
1510617600000,20171114,SAMCHEM,'5147,1.040,1.040,1.060,1.030,1.050,1240500,Increased,1
1510704000000,20171115,SAMCHEM,'5147,1.050,1.050,1.050,1.010,1.010,812200,Decreased,4
1510790400000,20171116,SAMCHEM,'5147,1.010,1.010,1.010,0.975,0.975,1538300,Decreased,6
1510876800000,20171117,SAMCHEM,'5147,0.975,0.995,0.995,0.975,0.975,739300,Decreased,4
1511136000000,20171120,SAMCHEM,'5147,0.975,0.975,0.980,0.970,0.970,235100,Decreased,1
1511222400000,20171121,SAMCHEM,'5147,0.970,0.970,0.970,0.955,0.955,232800,Decreased,3
1511308800000,20171122,SAMCHEM,'5147,0.955,0.960,0.980,0.950,0.980,650200,Increased,4
1511395200000,20171123,SAMCHEM,'5147,0.980,0.985,1.010,0.985,0.995,1078700,Increased,2
1511481600000,20171124,SAMCHEM,'5147,0.995,0.995,1.000,0.975,0.975,339100,Decreased,4
1511740800000,20171127,SAMCHEM,'5147,0.975,0.980,0.980,0.960,0.975,595500,Decreased,1
1511827200000,20171128,SAMCHEM,'5147,0.975,0.965,0.965,0.955,0.960,436500,Decreased,1
1511913600000,20171129,SAMCHEM,'5147,0.960,0.965,1.010,0.960,1.000,664100,Increased,7
1512000000000,20171130,SAMCHEM,'5147,1.000,1.010,1.030,0.990,1.000,1127300,Decreased,1
1512345600000,20171204,SAMCHEM,'5147,1.000,0.995,0.995,0.975,0.985,139000,Decreased,2
1512432000000,20171205,SAMCHEM,'5147,0.985,0.975,0.990,0.960,0.990,193600,Increased,3
1512518400000,20171206,SAMCHEM,'5147,0.990,0.980,0.980,0.960,0.980,72000,No change,0
1512604800000,20171207,SAMCHEM,'5147,0.980,0.970,0.970,0.955,0.960,393900,Decreased,2
1512691200000,20171208,SAMCHEM,'5147,0.960,0.955,0.960,0.925,0.955,548000,No change,0
1512950400000,20171211,SAMCHEM,'5147,0.955,0.950,0.965,0.950,0.950,83600,No change,0
1513036800000,20171212,SAMCHEM,'5147,0.950,0.950,0.965,0.940,0.960,145100,Increased,2
1513123200000,20171213,SAMCHEM,'5147,0.960,0.970,0.980,0.970,0.975,189700,Increased,1
1513209600000,20171214,SAMCHEM,'5147,0.975,0.970,0.970,0.955,0.960,117200,Decreased,2
1513296000000,20171215,SAMCHEM,'5147,0.960,0.970,0.975,0.955,0.955,278300,Decreased,3
1513555200000,20171218,SAMCHEM,'5147,0.955,0.970,0.980,0.960,0.960,153300,Decreased,2
1513641600000,20171219,SAMCHEM,'5147,0.960,0.960,0.960,0.955,0.955,201900,Decreased,1
1513728000000,20171220,SAMCHEM,'5147,0.955,0.950,0.970,0.950,0.960,135800,Increased,2
1513814400000,20171221,SAMCHEM,'5147,0.960,0.965,0.965,0.955,0.955,357900,Decreased,2
1513900800000,20171222,SAMCHEM,'5147,0.955,0.960,0.960,0.950,0.950,126700,Decreased,2
1514246400000,20171226,SAMCHEM,'5147,0.950,0.975,1.030,0.975,1.030,2002300,Increased,8
1514332800000,20171227,SAMCHEM,'5147,1.030,1.030,1.080,1.000,1.070,2762900,Increased,4
1514419200000,20171228,SAMCHEM,'5147,1.070,1.070,1.080,1.040,1.050,793200,Decreased,2
1514505600000,20171229,SAMCHEM,'5147,1.050,1.050,1.070,1.030,1.030,501100,Decreased,2
1514851200000,20180102,SAMCHEM,'5147,1.030,1.050,1.070,1.040,1.050,927900,No change,0
1514937600000,20180103,SAMCHEM,'5147,1.050,1.050,1.100,1.050,1.070,3274500,Increased,2
1515024000000,20180104,SAMCHEM,'5147,1.070,1.070,1.080,1.050,1.050,1070300,Decreased,2
1515110400000,20180105,SAMCHEM,'5147,1.050,1.060,1.070,1.050,1.060,453500,No change,0
1515369600000,20180108,SAMCHEM,'5147,1.060,1.070,1.110,1.070,1.100,2700100,Increased,3
1515456000000,20180109,SAMCHEM,'5147,1.100,1.120,1.140,1.100,1.100,3578500,Decreased,2
1515542400000,20180110,SAMCHEM,'5147,1.100,1.100,1.150,1.100,1.150,2142300,Increased,5
1515628800000,20180111,SAMCHEM,'5147,1.150,1.160,1.190,1.150,1.190,2967700,Increased,3
1515715200000,20180112,SAMCHEM,'5147,1.190,1.200,1.240,1.180,1.220,2986600,Increased,2
1515974400000,20180115,SAMCHEM,'5147,1.220,1.220,1.220,1.160,1.180,1873000,Decreased,4
1516060800000,20180116,SAMCHEM,'5147,1.180,1.200,1.220,1.100,1.200,2762000,No change,0
1516147200000,20180117,SAMCHEM,'5147,1.200,1.180,1.200,1.170,1.180,909600,No change,0
1516233600000,20180118,SAMCHEM,'5147,1.180,1.170,1.170,1.140,1.170,1255300,No change,0
1516320000000,20180119,SAMCHEM,'5147,1.170,1.170,1.230,1.170,1.210,1554700,Increased,4
1516579200000,20180122,SAMCHEM,'5147,1.210,1.210,1.230,1.210,1.220,1048400,Increased,1
1516665600000,20180123,SAMCHEM,'5147,1.220,1.220,1.270,1.220,1.230,2803700,Increased,1
1516752000000,20180124,SAMCHEM,'5147,1.230,1.250,1.260,1.230,1.240,948900,Decreased,1
1516838400000,20180125,SAMCHEM,'5147,1.240,1.240,1.240,1.210,1.210,428000,Decreased,3
1516924800000,20180126,SAMCHEM,'5147,1.210,1.210,1.210,1.170,1.170,951600,Decreased,4
1517184000000,20180129,SAMCHEM,'5147,1.170,1.170,1.210,1.170,1.180,594400,Increased,1
1517270400000,20180130,SAMCHEM,'5147,1.180,1.180,1.180,1.150,1.150,1086700,Decreased,3
1517529600000,20180202,SAMCHEM,'5147,1.150,1.150,1.180,1.140,1.170,456800,Increased,2
1517788800000,20180205,SAMCHEM,'5147,1.170,1.130,1.140,1.110,1.110,1461200,Decreased,2
1517875200000,20180206,SAMCHEM,'5147,1.110,1.060,1.090,1.010,1.070,3635700,Increased,1
1517961600000,20180207,SAMCHEM,'5147,1.070,1.090,1.110,1.040,1.040,1066400,Decreased,5
1518048000000,20180208,SAMCHEM,'5147,1.040,1.040,1.070,1.040,1.060,315200,Increased,2
1518134400000,20180209,SAMCHEM,'5147,1.060,1.020,1.030,1.000,1.020,3011700,No change,0
1518393600000,20180212,SAMCHEM,'5147,1.020,1.030,1.040,0.975,0.985,1839300,Decreased,6
1518480000000,20180213,SAMCHEM,'5147,0.985,0.990,1.030,0.990,1.020,977600,Increased,4
1518566400000,20180214,SAMCHEM,'5147,1.020,1.030,1.050,1.020,1.030,1310000,No change,0
1518652800000,20180215,SAMCHEM,'5147,1.030,1.040,1.100,1.040,1.090,1086600,Increased,5
1518998400000,20180219,SAMCHEM,'5147,1.090,1.110,1.180,1.110,1.170,1022000,Increased,6
1519084800000,20180220,SAMCHEM,'5147,1.170,1.180,1.180,1.130,1.160,899500,Decreased,2
1519171200000,20180221,SAMCHEM,'5147,1.160,1.150,1.200,1.150,1.200,1790200,Increased,5
1519257600000,20180222,SAMCHEM,'5147,1.200,1.210,1.210,1.160,1.170,900700,Decreased,4
1519344000000,20180223,SAMCHEM,'5147,1.170,1.180,1.190,1.180,1.190,838700,Increased,1
1519603200000,20180226,SAMCHEM,'5147,1.190,1.240,1.240,1.190,1.200,2071000,Decreased,4
1519689600000,20180227,SAMCHEM,'5147,1.200,1.200,1.220,1.150,1.150,1212800,Decreased,5
1519776000000,20180228,SAMCHEM,'5147,1.150,1.150,1.200,1.120,1.200,701900,Increased,5
1519862400000,20180301,SAMCHEM,'5147,1.200,1.130,1.190,1.130,1.180,137700,Increased,5
1519948800000,20180302,SAMCHEM,'5147,1.180,1.170,1.170,1.150,1.150,284000,Decreased,2
1520208000000,20180305,SAMCHEM,'5147,1.150,1.150,1.150,1.120,1.130,485000,Decreased,2
1520294400000,20180306,SAMCHEM,'5147,1.130,1.140,1.170,1.130,1.130,132300,Decreased,1
1520380800000,20180307,SAMCHEM,'5147,1.130,1.130,1.130,1.050,1.060,608700,Decreased,7
1520467200000,20180308,SAMCHEM,'5147,1.060,1.080,1.090,1.070,1.080,327000,No change,0
1520553600000,20180309,SAMCHEM,'5147,1.080,1.090,1.100,1.090,1.100,53100,Increased,1
1520812800000,20180312,SAMCHEM,'5147,1.100,1.110,1.110,1.080,1.100,163200,Decreased,1
1520899200000,20180313,SAMCHEM,'5147,1.100,1.080,1.080,1.070,1.080,199100,No change,0
1520985600000,20180314,SAMCHEM,'5147,1.080,1.080,1.090,1.080,1.090,363500,Increased,1
1521072000000,20180315,SAMCHEM,'5147,1.090,1.080,1.080,1.070,1.080,160500,No change,0
1521158400000,20180316,SAMCHEM,'5147,1.080,1.080,1.100,1.080,1.090,407600,Increased,1
1521417600000,20180319,SAMCHEM,'5147,1.090,1.080,1.090,1.060,1.060,306500,Decreased,2
1521504000000,20180320,SAMCHEM,'5147,1.060,1.060,1.060,1.020,1.030,645700,Decreased,3
1521590400000,20180321,SAMCHEM,'5147,1.030,1.060,1.070,1.060,1.060,143100,No change,0
1521676800000,20180322,SAMCHEM,'5147,1.060,1.060,1.060,1.050,1.050,176800,Decreased,1
1521763200000,20180323,SAMCHEM,'5147,1.050,1.030,1.040,1.020,1.020,248700,Decreased,1
1522022400000,20180326,SAMCHEM,'5147,1.020,1.000,1.040,1.000,1.040,344800,Increased,4
1522108800000,20180327,SAMCHEM,'5147,1.040,1.060,1.060,1.020,1.040,106500,Decreased,2
1522195200000,20180328,SAMCHEM,'5147,1.040,1.030,1.030,1.000,1.000,325100,Decreased,3
1522281600000,20180329,SAMCHEM,'5147,1.000,1.000,1.040,1.000,1.030,271500,Increased,3
1522368000000,20180330,SAMCHEM,'5147,1.030,1.030,1.040,1.000,1.020,206600,Decreased,1
1522627200000,20180402,SAMCHEM,'5147,1.020,1.010,1.020,1.010,1.010,181200,No change,0
1522713600000,20180403,SAMCHEM,'5147,1.010,1.010,1.020,1.010,1.020,525800,Increased,1
1522800000000,20180404,SAMCHEM,'5147,1.020,1.020,1.030,0.980,0.990,2144800,Decreased,4
1522886400000,20180405,SAMCHEM,'5147,0.990,0.990,1.010,0.980,1.000,757000,Increased,2
1522972800000,20180406,SAMCHEM,'5147,1.000,1.000,1.000,0.960,1.000,409600,No change,0
1523232000000,20180409,SAMCHEM,'5147,1.000,0.980,1.080,0.980,1.080,425400,Increased,12
1523318400000,20180410,SAMCHEM,'5147,1.080,1.080,1.080,1.050,1.070,270700,Decreased,1
1523404800000,20180411,SAMCHEM,'5147,1.070,1.070,1.090,1.050,1.080,97300,Increased,1
1523491200000,20180412,SAMCHEM,'5147,1.080,1.060,1.070,1.040,1.050,128600,Decreased,1
1523577600000,20180413,SAMCHEM,'5147,1.050,1.050,1.050,1.050,1.050,77600,No change,0
1523836800000,20180416,SAMCHEM,'5147,1.050,1.050,1.120,1.050,1.100,671800,Increased,5
1523923200000,20180417,SAMCHEM,'5147,1.100,1.100,1.120,1.080,1.080,251800,Decreased,2
1524009600000,20180418,SAMCHEM,'5147,1.080,1.050,1.070,1.050,1.060,259200,Increased,1
1524096000000,20180419,SAMCHEM,'5147,1.060,1.060,1.090,1.060,1.080,124600,Increased,2
1524182400000,20180420,SAMCHEM,'5147,1.080,1.050,1.070,1.050,1.060,112600,Increased,1
1524441600000,20180423,SAMCHEM,'5147,1.060,1.050,1.070,1.050,1.050,127100,No change,0
1524528000000,20180424,SAMCHEM,'5147,1.050,1.040,1.050,1.040,1.050,96800,Increased,1
1524614400000,20180425,SAMCHEM,'5147,1.050,1.040,1.050,1.020,1.050,184300,Increased,1
1524700800000,20180426,SAMCHEM,'5147,1.050,1.040,1.050,1.010,1.020,76600,Decreased,2
1524787200000,20180427,SAMCHEM,'5147,1.020,1.020,1.040,1.020,1.030,49800,Increased,1
1525046400000,20180430,SAMCHEM,'5147,1.030,1.030,1.050,1.020,1.040,69900,Increased,1
1525219200000,20180502,SAMCHEM,'5147,1.040,1.010,1.040,1.010,1.040,156800,Increased,3
1525305600000,20180503,SAMCHEM,'5147,1.040,1.040,1.040,1.030,1.040,25300,No change,0
1525392000000,20180504,SAMCHEM,'5147,1.040,1.030,1.050,1.030,1.040,36000,Increased,1
1525651200000,20180507,SAMCHEM,'5147,1.040,1.040,1.040,1.020,1.020,151000,Decreased,2
1525737600000,20180508,SAMCHEM,'5147,1.020,1.030,1.040,1.030,1.040,24000,Increased,1
1526256000000,20180514,SAMCHEM,'5147,1.040,1.100,1.100,1.070,1.080,229300,Decreased,2
1526342400000,20180515,SAMCHEM,'5147,1.080,1.070,1.070,1.050,1.050,106700,Decreased,2
1526428800000,20180516,SAMCHEM,'5147,1.050,1.050,1.050,1.040,1.050,68000,No change,0
1526515200000,20180517,SAMCHEM,'5147,1.050,1.050,1.060,1.030,1.030,259800,Decreased,2
1526601600000,20180518,SAMCHEM,'5147,1.030,1.110,1.150,1.060,1.100,1437600,Decreased,1
1526860800000,20180521,SAMCHEM,'5147,1.100,1.100,1.110,1.080,1.090,146400,Decreased,1
1526947200000,20180522,SAMCHEM,'5147,1.090,1.090,1.090,1.070,1.070,220400,Decreased,2
1527033600000,20180523,SAMCHEM,'5147,1.070,1.070,1.080,1.060,1.070,132000,No change,0
1527120000000,20180524,SAMCHEM,'5147,1.070,1.080,1.080,1.000,1.030,702900,Decreased,5
1527206400000,20180525,SAMCHEM,'5147,1.030,1.050,1.060,1.020,1.020,644300,Decreased,3
1527465600000,20180528,SAMCHEM,'5147,1.020,1.030,1.070,1.030,1.030,276000,No change,0
1527638400000,20180530,SAMCHEM,'5147,1.030,1.030,1.030,1.000,1.010,231000,Decreased,2
1527724800000,20180531,SAMCHEM,'5147,1.010,1.020,1.040,0.980,1.030,576500,Increased,1
1527811200000,20180601,SAMCHEM,'5147,1.030,1.020,1.040,1.010,1.010,181100,Decreased,1
1528070400000,20180604,SAMCHEM,'5147,1.010,1.010,1.030,1.010,1.020,53900,Increased,1
1528156800000,20180605,SAMCHEM,'5147,1.020,1.020,1.060,1.020,1.060,165100,Increased,4
1528243200000,20180606,SAMCHEM,'5147,1.060,1.060,1.060,1.040,1.060,319100,No change,0
1528329600000,20180607,SAMCHEM,'5147,1.060,1.060,1.070,1.030,1.040,362400,Decreased,2
1528416000000,20180608,SAMCHEM,'5147,1.040,1.050,1.050,1.000,1.030,558300,Decreased,2
1528675200000,20180611,SAMCHEM,'5147,1.030,1.030,1.080,1.020,1.070,1010900,Increased,4
1528761600000,20180612,SAMCHEM,'5147,1.070,1.060,1.070,1.050,1.070,144600,Increased,1
1528848000000,20180613,SAMCHEM,'5147,1.070,1.060,1.060,1.020,1.050,603000,Decreased,1
1528934400000,20180614,SAMCHEM,'5147,1.050,1.050,1.050,1.010,1.030,857000,Decreased,2
1529280000000,20180618,SAMCHEM,'5147,1.030,1.020,1.030,1.000,1.020,204500,No change,0
1529366400000,20180619,SAMCHEM,'5147,1.020,1.020,1.020,1.000,1.010,230100,Decreased,1
1529452800000,20180620,SAMCHEM,'5147,1.010,1.010,1.030,1.010,1.030,302200,Increased,2
1529539200000,20180621,SAMCHEM,'5147,1.030,1.010,1.010,1.000,1.010,232600,No change,0
1529625600000,20180622,SAMCHEM,'5147,1.010,1.010,1.020,1.000,1.000,40700,Decreased,1
1529884800000,20180625,SAMCHEM,'5147,1.000,1.010,1.030,1.000,1.000,328900,Decreased,1
1529971200000,20180626,SAMCHEM,'5147,1.000,1.000,1.000,0.970,0.970,501300,Decreased,6
1530057600000,20180627,SAMCHEM,'5147,0.970,0.975,0.990,0.970,0.970,123800,Decreased,1
1530144000000,20180628,SAMCHEM,'5147,0.970,0.970,0.980,0.970,0.980,24300,Increased,2
1530230400000,20180629,SAMCHEM,'5147,0.980,0.980,0.990,0.980,0.980,98000,No change,0
1530489600000,20180702,SAMCHEM,'5147,0.980,0.980,0.985,0.975,0.975,82300,Decreased,1
1530576000000,20180703,SAMCHEM,'5147,0.975,0.980,0.980,0.965,0.970,155900,Decreased,2
1530662400000,20180704,SAMCHEM,'5147,0.970,0.965,0.970,0.960,0.960,102000,Decreased,1
1530748800000,20180705,SAMCHEM,'5147,0.960,0.965,0.965,0.930,0.945,513100,Decreased,4
1530835200000,20180706,SAMCHEM,'5147,0.945,0.945,0.945,0.925,0.930,538900,Decreased,3
1531094400000,20180709,SAMCHEM,'5147,0.930,0.930,0.930,0.900,0.900,515800,Decreased,6
1531180800000,20180710,SAMCHEM,'5147,0.900,0.900,0.940,0.890,0.940,1312700,Increased,8
1531267200000,20180711,SAMCHEM,'5147,0.940,0.930,0.960,0.925,0.945,624500,Increased,3
1531353600000,20180712,SAMCHEM,'5147,0.945,0.955,1.000,0.955,0.985,1170300,Increased,6
1531440000000,20180713,SAMCHEM,'5147,0.985,0.995,1.020,0.970,0.970,1283100,Decreased,5
1531699200000,20180716,SAMCHEM,'5147,0.970,0.985,0.995,0.970,0.990,540600,Increased,1
1531785600000,20180717,SAMCHEM,'5147,0.990,0.990,1.010,0.985,0.995,3439800,Increased,1
1531872000000,20180718,SAMCHEM,'5147,0.995,1.000,1.030,0.995,1.020,1129700,Increased,2
1531958400000,20180719,SAMCHEM,'5147,1.020,1.030,1.050,1.020,1.030,955300,No change,0
1532044800000,20180720,SAMCHEM,'5147,1.030,1.020,1.020,0.995,1.010,453900,Decreased,1
1532304000000,20180723,SAMCHEM,'5147,1.010,1.000,1.030,1.000,1.000,305700,No change,0
1532390400000,20180724,SAMCHEM,'5147,1.000,1.000,1.010,0.995,0.995,466600,Decreased,1
1532476800000,20180725,SAMCHEM,'5147,0.995,0.995,1.010,0.980,1.000,480500,Increased,1
1532563200000,20180726,SAMCHEM,'5147,1.000,1.000,1.000,0.980,0.980,363300,Decreased,4
1532649600000,20180727,SAMCHEM,'5147,0.980,0.980,0.995,0.975,0.995,196600,Increased,3
1532908800000,20180730,SAMCHEM,'5147,0.995,0.995,0.995,0.985,0.995,99700,No change,0
1532995200000,20180731,SAMCHEM,'5147,0.995,0.995,0.995,0.980,0.995,214200,No change,0
1533081600000,20180801,SAMCHEM,'5147,0.995,0.995,1.000,0.990,0.990,131900,Decreased,1
1533168000000,20180802,SAMCHEM,'5147,0.990,0.995,1.000,0.985,0.985,307800,Decreased,2
1533254400000,20180803,SAMCHEM,'5147,0.985,1.000,1.000,0.985,1.000,192900,No change,0
1533513600000,20180806,SAMCHEM,'5147,1.000,0.985,0.990,0.985,0.990,53700,Increased,1
1533600000000,20180807,SAMCHEM,'5147,0.990,0.990,0.995,0.990,0.990,160100,No change,0
1533686400000,20180808,SAMCHEM,'5147,0.990,0.990,1.000,0.985,0.995,589800,Increased,1
1533772800000,20180809,SAMCHEM,'5147,0.995,0.995,1.030,0.995,1.020,1175400,Increased,3
1533859200000,20180810,SAMCHEM,'5147,1.020,1.020,1.030,1.020,1.020,169200,No change,0
1534118400000,20180813,SAMCHEM,'5147,1.020,0.985,0.990,0.965,0.965,1295200,Decreased,4
1534204800000,20180814,SAMCHEM,'5147,0.965,0.970,0.980,0.960,0.970,427300,No change,0
1534291200000,20180815,SAMCHEM,'5147,0.970,0.960,0.965,0.950,0.950,670200,Decreased,2
1534377600000,20180816,SAMCHEM,'5147,0.950,0.945,0.950,0.945,0.950,143300,Increased,1
1534464000000,20180817,SAMCHEM,'5147,0.950,0.950,0.960,0.950,0.950,142600,No change,0
1534723200000,20180820,SAMCHEM,'5147,0.950,0.975,0.980,0.960,0.965,332900,Decreased,2
1534809600000,20180821,SAMCHEM,'5147,0.965,0.970,0.980,0.960,0.975,108300,Increased,1
1534982400000,20180823,SAMCHEM,'5147,0.975,0.975,0.980,0.955,0.970,101800,Decreased,1
1535068800000,20180824,SAMCHEM,'5147,0.970,0.970,0.970,0.960,0.970,146500,No change,0
1535328000000,20180827,SAMCHEM,'5147,0.970,0.960,0.970,0.950,0.950,185300,Decreased,2
1535414400000,20180828,SAMCHEM,'5147,0.950,0.950,0.955,0.945,0.950,174400,No change,0
1535500800000,20180829,SAMCHEM,'5147,0.950,0.940,0.950,0.940,0.940,204300,No change,0
1535587200000,20180830,SAMCHEM,'5147,0.940,0.950,0.950,0.930,0.930,103500,Decreased,4
1535932800000,20180903,SAMCHEM,'5147,0.930,0.930,0.930,0.905,0.910,342700,Decreased,4
1536019200000,20180904,SAMCHEM,'5147,0.910,0.910,0.940,0.910,0.910,346800,No change,0
1536105600000,20180905,SAMCHEM,'5147,0.910,0.920,0.930,0.905,0.910,210900,Decreased,2
1536192000000,20180906,SAMCHEM,'5147,0.910,0.910,0.940,0.900,0.910,207000,No change,0
1536278400000,20180907,SAMCHEM,'5147,0.910,0.930,0.930,0.905,0.905,236800,Decreased,5
1536710400000,20180912,SAMCHEM,'5147,0.905,0.905,0.905,0.895,0.895,221200,Decreased,2
1536796800000,20180913,SAMCHEM,'5147,0.895,0.895,0.900,0.880,0.890,217700,Decreased,1
1536883200000,20180914,SAMCHEM,'5147,0.890,0.890,0.910,0.890,0.895,376200,Increased,1
1537228800000,20180918,SAMCHEM,'5147,0.895,0.900,0.900,0.890,0.900,11000,No change,0
1537315200000,20180919,SAMCHEM,'5147,0.900,0.900,0.900,0.890,0.895,62400,Decreased,1
1537401600000,20180920,SAMCHEM,'5147,0.895,0.900,0.910,0.895,0.895,86100,Decreased,1
1537488000000,20180921,SAMCHEM,'5147,0.895,0.910,0.920,0.900,0.915,182900,Increased,1
1537747200000,20180924,SAMCHEM,'5147,0.915,0.915,0.930,0.900,0.920,206300,Increased,1
1537833600000,20180925,SAMCHEM,'5147,0.920,0.920,0.940,0.915,0.940,580300,Increased,4
1537920000000,20180926,SAMCHEM,'5147,0.940,0.950,0.965,0.950,0.950,1118900,No change,0
1538006400000,20180927,SAMCHEM,'5147,0.950,0.960,0.960,0.935,0.935,195100,Decreased,5
1538092800000,20180928,SAMCHEM,'5147,0.935,0.935,0.950,0.930,0.950,110000,Increased,3
1538352000000,20181001,SAMCHEM,'5147,0.950,0.950,0.950,0.925,0.925,266400,Decreased,5
1538438400000,20181002,SAMCHEM,'5147,0.925,0.925,0.930,0.920,0.925,180200,No change,0
1538524800000,20181003,SAMCHEM,'5147,0.925,0.925,0.930,0.925,0.925,38000,No change,0
1538611200000,20181004,SAMCHEM,'5147,0.925,0.925,0.935,0.925,0.930,87500,Increased,1
1538697600000,20181005,SAMCHEM,'5147,0.930,0.925,0.925,0.910,0.910,77500,Decreased,3
1538956800000,20181008,SAMCHEM,'5147,0.910,0.915,0.915,0.905,0.905,57000,Decreased,2
1539043200000,20181009,SAMCHEM,'5147,0.905,0.915,0.915,0.905,0.905,48400,Decreased,2
1539129600000,20181010,SAMCHEM,'5147,0.905,0.900,0.905,0.855,0.875,503500,Decreased,5
1539216000000,20181011,SAMCHEM,'5147,0.875,0.845,0.850,0.815,0.850,240000,Increased,1
1539302400000,20181012,SAMCHEM,'5147,0.850,0.850,0.870,0.850,0.850,198400,No change,0
1539561600000,20181015,SAMCHEM,'5147,0.850,0.855,0.860,0.845,0.845,187200,Decreased,2
1539648000000,20181016,SAMCHEM,'5147,0.845,0.850,0.855,0.830,0.840,248100,Decreased,2
1539734400000,20181017,SAMCHEM,'5147,0.840,0.850,0.855,0.825,0.835,203000,Decreased,3
1539820800000,20181018,SAMCHEM,'5147,0.835,0.830,0.850,0.830,0.840,48300,Increased,2
1539907200000,20181019,SAMCHEM,'5147,0.840,0.830,0.840,0.825,0.840,81300,Increased,2
1540166400000,20181022,SAMCHEM,'5147,0.840,0.825,0.840,0.825,0.840,64800,Increased,3
1540252800000,20181023,SAMCHEM,'5147,0.840,0.830,0.830,0.815,0.820,50400,Decreased,2
1540339200000,20181024,SAMCHEM,'5147,0.820,0.800,0.810,0.760,0.785,165100,Decreased,3
1540425600000,20181025,SAMCHEM,'5147,0.785,0.780,0.790,0.755,0.785,117100,Increased,1
1540512000000,20181026,SAMCHEM,'5147,0.785,0.840,0.840,0.785,0.785,74900,Decreased,11
1540771200000,20181029,SAMCHEM,'5147,0.785,0.805,0.805,0.765,0.765,60100,Decreased,8
1540857600000,20181030,SAMCHEM,'5147,0.765,0.765,0.780,0.760,0.765,274200,No change,0
1540944000000,20181031,SAMCHEM,'5147,0.765,0.810,0.810,0.795,0.795,83000,Decreased,3
1541030400000,20181101,SAMCHEM,'5147,0.795,0.795,0.800,0.765,0.765,67800,Decreased,6
1541116800000,20181102,SAMCHEM,'5147,0.765,0.770,0.805,0.770,0.795,89400,Increased,5
1541376000000,20181105,SAMCHEM,'5147,0.795,0.790,0.790,0.790,0.790,24900,No change,0
1541548800000,20181107,SAMCHEM,'5147,0.790,0.805,0.825,0.795,0.795,67100,Decreased,2
1541635200000,20181108,SAMCHEM,'5147,0.795,0.805,0.805,0.795,0.795,78600,Decreased,2
1541721600000,20181109,SAMCHEM,'5147,0.795,0.790,0.800,0.790,0.800,90000,Increased,2
1541980800000,20181112,SAMCHEM,'5147,0.800,0.800,0.800,0.765,0.765,284500,Decreased,7
1542067200000,20181113,SAMCHEM,'5147,0.765,0.765,0.765,0.750,0.750,656900,Decreased,3
1542153600000,20181114,SAMCHEM,'5147,0.750,0.750,0.755,0.750,0.750,65500,No change,0
1542240000000,20181115,SAMCHEM,'5147,0.750,0.750,0.765,0.750,0.750,99300,No change,0
1542326400000,20181116,SAMCHEM,'5147,0.750,0.760,0.760,0.740,0.740,186000,Decreased,4
1542585600000,20181119,SAMCHEM,'5147,0.740,0.740,0.740,0.695,0.710,436600,Decreased,6
1542758400000,20181121,SAMCHEM,'5147,0.710,0.700,0.760,0.685,0.755,399900,Increased,11
1542844800000,20181122,SAMCHEM,'5147,0.755,0.765,0.850,0.765,0.810,797200,Increased,9
1542931200000,20181123,SAMCHEM,'5147,0.810,0.825,0.825,0.800,0.805,211500,Decreased,4
1543190400000,20181126,SAMCHEM,'5147,0.805,0.800,0.805,0.780,0.805,55900,Increased,1
1543276800000,20181127,SAMCHEM,'5147,0.805,0.800,0.800,0.765,0.765,63200,Decreased,7
1543363200000,20181128,SAMCHEM,'5147,0.765,0.780,0.795,0.760,0.795,30800,Increased,3
1543449600000,20181129,SAMCHEM,'5147,0.795,0.785,0.785,0.760,0.765,42000,Decreased,4
1543536000000,20181130,SAMCHEM,'5147,0.765,0.755,0.770,0.750,0.770,65300,Increased,3
1543795200000,20181203,SAMCHEM,'5147,0.770,0.755,0.795,0.755,0.760,98500,Increased,1
1543881600000,20181204,SAMCHEM,'5147,0.760,0.760,0.760,0.760,0.760,23000,No change,0
1543968000000,20181205,SAMCHEM,'5147,0.760,0.755,0.755,0.750,0.750,13200,Decreased,1
1544054400000,20181206,SAMCHEM,'5147,0.750,0.750,0.750,0.740,0.750,35000,No change,0
1544140800000,20181207,SAMCHEM,'5147,0.750,0.730,0.730,0.730,0.730,15000,No change,0
1544400000000,20181210,SAMCHEM,'5147,0.730,0.730,0.760,0.720,0.760,7000,Increased,6
1544486400000,20181211,SAMCHEM,'5147,0.760,0.760,0.760,0.760,0.760,-,Closed,0
1544572800000,20181212,SAMCHEM,'5147,0.760,0.760,0.760,0.735,0.760,24500,No change,0
1544659200000,20181213,SAMCHEM,'5147,0.760,0.720,0.720,0.720,0.720,2200,No change,0
1544745600000,20181214,SAMCHEM,'5147,0.720,0.750,0.750,0.730,0.730,14200,Decreased,4
1545004800000,20181217,SAMCHEM,'5147,0.730,0.760,0.760,0.755,0.755,300,Decreased,1
1545091200000,20181218,SAMCHEM,'5147,0.755,0.720,0.720,0.700,0.715,77400,Decreased,1
1545177600000,20181219,SAMCHEM,'5147,0.715,0.705,0.720,0.700,0.705,133200,No change,0
1545264000000,20181220,SAMCHEM,'5147,0.705,0.715,0.715,0.680,0.680,386900,Decreased,7
1545350400000,20181221,SAMCHEM,'5147,0.680,0.680,0.690,0.670,0.685,98500,Increased,1
1545609600000,20181224,SAMCHEM,'5147,0.685,0.655,0.685,0.655,0.685,60500,Increased,6
1545782400000,20181226,SAMCHEM,'5147,0.685,0.670,0.680,0.655,0.665,87700,Decreased,1
1545868800000,20181227,SAMCHEM,'5147,0.665,0.690,0.700,0.655,0.655,128000,Decreased,7
1545955200000,20181228,SAMCHEM,'5147,0.655,0.655,0.665,0.655,0.655,78500,No change,0
1546214400000,20181231,SAMCHEM,'5147,0.655,0.645,0.680,0.640,0.670,163800,Increased,5
1546387200000,20190102,SAMCHEM,'5147,0.670,0.690,0.690,0.670,0.680,50400,Decreased,2
1546473600000,20190103,SAMCHEM,'5147,0.680,0.660,0.690,0.660,0.690,2200,Increased,6
1546560000000,20190104,SAMCHEM,'5147,0.690,0.690,0.690,0.690,0.690,-,Closed,0
1546819200000,20190107,SAMCHEM,'5147,0.690,0.690,0.700,0.680,0.680,208000,Decreased,2
1546905600000,20190108,SAMCHEM,'5147,0.680,0.670,0.680,0.670,0.680,84000,Increased,2
1546992000000,20190109,SAMCHEM,'5147,0.680,0.680,0.695,0.680,0.685,385100,Increased,1
1547078400000,20190110,SAMCHEM,'5147,0.685,0.700,0.720,0.685,0.700,1315300,No change,0
1547164800000,20190111,SAMCHEM,'5147,0.700,0.700,0.710,0.695,0.695,425000,Decreased,1
1547424000000,20190114,SAMCHEM,'5147,0.695,0.690,0.690,0.685,0.690,93000,No change,0
1547510400000,20190115,SAMCHEM,'5147,0.690,0.690,0.695,0.680,0.680,63100,Decreased,2
1547596800000,20190116,SAMCHEM,'5147,0.680,0.675,0.680,0.670,0.675,254500,No change,0
1547683200000,20190117,SAMCHEM,'5147,0.675,0.690,0.690,0.675,0.685,155100,Decreased,1
1547769600000,20190118,SAMCHEM,'5147,0.685,0.685,0.685,0.670,0.680,220300,Decreased,1
1548115200000,20190122,SAMCHEM,'5147,0.680,0.685,0.710,0.685,0.685,761700,No change,0
1548201600000,20190123,SAMCHEM,'5147,0.685,0.675,0.680,0.670,0.670,95200,Decreased,1
1548288000000,20190124,SAMCHEM,'5147,0.670,0.675,0.675,0.670,0.675,139900,No change,0
1548374400000,20190125,SAMCHEM,'5147,0.675,0.675,0.680,0.675,0.675,119300,No change,0
1548633600000,20190128,SAMCHEM,'5147,0.675,0.675,0.680,0.660,0.660,343600,Decreased,3
1548720000000,20190129,SAMCHEM,'5147,0.660,0.655,0.670,0.650,0.655,88700,No change,0
1548806400000,20190130,SAMCHEM,'5147,0.655,0.670,0.670,0.665,0.665,38400,Decreased,1
1548892800000,20190131,SAMCHEM,'5147,0.665,0.670,0.675,0.665,0.665,112000,Decreased,1
1549238400000,20190204,SAMCHEM,'5147,0.665,0.670,0.675,0.670,0.675,24000,Increased,1
1549497600000,20190207,SAMCHEM,'5147,0.675,0.670,0.670,0.665,0.665,67500,Decreased,1
1549584000000,20190208,SAMCHEM,'5147,0.665,0.670,0.670,0.670,0.670,125000,No change,0
1549843200000,20190211,SAMCHEM,'5147,0.670,0.670,0.715,0.670,0.710,676200,Increased,8
1549929600000,20190212,SAMCHEM,'5147,0.710,0.705,0.720,0.685,0.695,314500,Decreased,2
1550016000000,20190213,SAMCHEM,'5147,0.695,0.695,0.700,0.690,0.690,354800,Decreased,1
1550102400000,20190214,SAMCHEM,'5147,0.690,0.700,0.705,0.690,0.690,167700,Decreased,2
1550188800000,20190215,SAMCHEM,'5147,0.690,0.705,0.705,0.680,0.680,646700,Decreased,5
1550448000000,20190218,SAMCHEM,'5147,0.680,0.680,0.695,0.680,0.685,272100,Increased,1
1550534400000,20190219,SAMCHEM,'5147,0.685,0.700,0.700,0.680,0.685,174300,Decreased,3
1550620800000,20190220,SAMCHEM,'5147,0.685,0.690,0.700,0.685,0.690,901900,No change,0
1550707200000,20190221,SAMCHEM,'5147,0.690,0.670,0.680,0.650,0.665,1494200,Decreased,1
1550793600000,20190222,SAMCHEM,'5147,0.665,0.660,0.660,0.650,0.660,401000,No change,0
1551052800000,20190225,SAMCHEM,'5147,0.660,0.660,0.660,0.650,0.650,544900,Decreased,2
1551139200000,20190226,SAMCHEM,'5147,0.650,0.660,0.660,0.640,0.640,449500,Decreased,4
1551225600000,20190227,SAMCHEM,'5147,0.640,0.650,0.650,0.610,0.630,519600,Decreased,4
1551312000000,20190228,SAMCHEM,'5147,0.630,0.640,0.640,0.620,0.620,190100,Decreased,4
1551398400000,20190301,SAMCHEM,'5147,0.620,0.610,0.650,0.610,0.630,61200,Increased,4
1551657600000,20190304,SAMCHEM,'5147,0.630,0.625,0.625,0.625,0.625,76200,No change,0
1551744000000,20190305,SAMCHEM,'5147,0.625,0.620,0.625,0.615,0.615,335000,Decreased,1
1551830400000,20190306,SAMCHEM,'5147,0.615,0.625,0.630,0.615,0.615,321600,Decreased,2
1551916800000,20190307,SAMCHEM,'5147,0.615,0.630,0.630,0.615,0.620,537800,Decreased,2
1552003200000,20190308,SAMCHEM,'5147,0.620,0.625,0.625,0.620,0.620,342800,Decreased,1
1552262400000,20190311,SAMCHEM,'5147,0.620,0.615,0.620,0.605,0.605,493000,Decreased,2
1552348800000,20190312,SAMCHEM,'5147,0.605,0.610,0.615,0.605,0.605,203700,Decreased,1
1552435200000,20190313,SAMCHEM,'5147,0.605,0.610,0.610,0.610,0.610,77400,No change,0
1552521600000,20190314,SAMCHEM,'5147,0.610,0.610,0.620,0.605,0.610,226400,No change,0
1552608000000,20190315,SAMCHEM,'5147,0.610,0.610,0.620,0.605,0.610,545300,No change,0
1552867200000,20190318,SAMCHEM,'5147,0.610,0.610,0.610,0.600,0.600,481600,Decreased,2
1552953600000,20190319,SAMCHEM,'5147,0.600,0.605,0.610,0.600,0.605,342400,No change,0
1553040000000,20190320,SAMCHEM,'5147,0.605,0.605,0.615,0.600,0.600,260000,Decreased,1
1553126400000,20190321,SAMCHEM,'5147,0.600,0.600,0.605,0.600,0.600,87600,No change,0
1553212800000,20190322,SAMCHEM,'5147,0.600,0.600,0.610,0.600,0.610,26300,Increased,2
1553472000000,20190325,SAMCHEM,'5147,0.610,0.605,0.615,0.595,0.605,474900,No change,0
1553558400000,20190326,SAMCHEM,'5147,0.605,0.600,0.605,0.595,0.600,99400,No change,0
1553644800000,20190327,SAMCHEM,'5147,0.600,0.600,0.600,0.595,0.595,155000,Decreased,1
1553731200000,20190328,SAMCHEM,'5147,0.595,0.600,0.600,0.595,0.600,133800,No change,0
1553817600000,20190329,SAMCHEM,'5147,0.600,0.605,0.605,0.595,0.595,35800,Decreased,2
1554076800000,20190401,SAMCHEM,'5147,0.595,0.600,0.605,0.595,0.600,1060700,No change,0
1554163200000,20190402,SAMCHEM,'5147,0.600,0.600,0.600,0.595,0.600,150300,No change,0
1554249600000,20190403,SAMCHEM,'5147,0.600,0.600,0.605,0.595,0.595,84800,Decreased,1
1554336000000,20190404,SAMCHEM,'5147,0.595,0.600,0.605,0.595,0.595,381200,Decreased,1
1554422400000,20190405,SAMCHEM,'5147,0.595,0.600,0.605,0.600,0.605,293500,Increased,1
1554681600000,20190408,SAMCHEM,'5147,0.605,0.600,0.640,0.600,0.630,2617400,Increased,6
1554768000000,20190409,SAMCHEM,'5147,0.630,0.630,0.655,0.630,0.630,2938200,No change,0
1554854400000,20190410,SAMCHEM,'5147,0.630,0.635,0.635,0.625,0.635,348100,No change,0
1554940800000,20190411,SAMCHEM,'5147,0.635,0.630,0.635,0.615,0.615,511500,Decreased,3
1555027200000,20190412,SAMCHEM,'5147,0.615,0.620,0.645,0.620,0.625,596100,Increased,1
1555286400000,20190415,SAMCHEM,'5147,0.625,0.635,0.640,0.620,0.625,301300,Decreased,2
1555372800000,20190416,SAMCHEM,'5147,0.625,0.630,0.630,0.615,0.615,467700,Decreased,3
1555459200000,20190417,SAMCHEM,'5147,0.615,0.625,0.625,0.610,0.615,102700,Decreased,2
1555545600000,20190418,SAMCHEM,'5147,0.615,0.620,0.620,0.610,0.610,235800,Decreased,2
1555632000000,20190419,SAMCHEM,'5147,0.610,0.615,0.630,0.615,0.620,285800,Increased,1
1555891200000,20190422,SAMCHEM,'5147,0.620,0.620,0.625,0.615,0.615,408500,Decreased,1
1555977600000,20190423,SAMCHEM,'5147,0.615,0.620,0.620,0.610,0.615,127600,Decreased,1
1556064000000,20190424,SAMCHEM,'5147,0.615,0.615,0.620,0.610,0.615,363000,No change,0
1556150400000,20190425,SAMCHEM,'5147,0.615,0.615,0.625,0.615,0.615,333600,No change,0
1556236800000,20190426,SAMCHEM,'5147,0.615,0.625,0.635,0.620,0.630,201100,Increased,1
1556496000000,20190429,SAMCHEM,'5147,0.630,0.635,0.635,0.620,0.630,348600,Decreased,1
1556582400000,20190430,SAMCHEM,'5147,0.630,0.620,0.635,0.620,0.635,359100,Increased,3
1556755200000,20190502,SAMCHEM,'5147,0.635,0.640,0.640,0.625,0.625,276900,Decreased,3
1556841600000,20190503,SAMCHEM,'5147,0.625,0.625,0.635,0.625,0.635,212200,Increased,2
1557100800000,20190506,SAMCHEM,'5147,0.635,0.640,0.640,0.625,0.625,405000,Decreased,3
1557187200000,20190507,SAMCHEM,'5147,0.625,0.625,0.630,0.615,0.615,138100,Decreased,2
1557273600000,20190508,SAMCHEM,'5147,0.615,0.615,0.615,0.610,0.615,83900,No change,0
1557360000000,20190509,SAMCHEM,'5147,0.615,0.610,0.610,0.610,0.610,157500,No change,0
1557446400000,20190510,SAMCHEM,'5147,0.610,0.615,0.615,0.610,0.610,115000,Decreased,1
1557705600000,20190513,SAMCHEM,'5147,0.610,0.610,0.610,0.600,0.600,221900,Decreased,2
1557792000000,20190514,SAMCHEM,'5147,0.600,0.590,0.600,0.580,0.600,90400,Increased,2
1557878400000,20190515,SAMCHEM,'5147,0.600,0.600,0.605,0.600,0.600,68000,No change,0
1557964800000,20190516,SAMCHEM,'5147,0.600,0.595,0.600,0.595,0.600,40000,Increased,1
1558051200000,20190517,SAMCHEM,'5147,0.600,0.610,0.610,0.595,0.600,33100,Decreased,2
1558396800000,20190521,SAMCHEM,'5147,0.600,0.605,0.605,0.600,0.600,5000,Decreased,1
1558569600000,20190523,SAMCHEM,'5147,0.600,0.595,0.595,0.590,0.590,157900,Decreased,1
1558656000000,20190524,SAMCHEM,'5147,0.590,0.585,0.585,0.580,0.585,80000,No change,0
1558915200000,20190527,SAMCHEM,'5147,0.585,0.585,0.585,0.580,0.580,20000,Decreased,1
1559001600000,20190528,SAMCHEM,'5147,0.580,0.580,0.580,0.580,0.580,56000,No change,0
1559088000000,20190529,SAMCHEM,'5147,0.580,0.585,0.590,0.580,0.580,64500,Decreased,1
1559174400000,20190530,SAMCHEM,'5147,0.580,0.585,0.595,0.585,0.585,152800,No change,0
1559260800000,20190531,SAMCHEM,'5147,0.585,0.595,0.595,0.590,0.590,46600,Decreased,1
1559520000000,20190603,SAMCHEM,'5147,0.590,0.585,0.585,0.580,0.580,64000,Decreased,1
1559606400000,20190604,SAMCHEM,'5147,0.580,0.580,0.580,0.580,0.580,-,Closed,0
1559865600000,20190607,SAMCHEM,'5147,0.580,0.585,0.585,0.580,0.580,111000,Decreased,1
1560124800000,20190610,SAMCHEM,'5147,0.580,0.580,0.585,0.580,0.585,124000,Increased,1
1560211200000,20190611,SAMCHEM,'5147,0.585,0.585,0.590,0.580,0.585,200000,No change,0
1560297600000,20190612,SAMCHEM,'5147,0.585,0.585,0.590,0.580,0.585,212100,No change,0
1560384000000,20190613,SAMCHEM,'5147,0.585,0.585,0.600,0.580,0.585,454300,No change,0
1560470400000,20190614,SAMCHEM,'5147,0.585,0.585,0.585,0.580,0.585,347700,No change,0
1560729600000,20190617,SAMCHEM,'5147,0.585,0.590,0.590,0.590,0.590,21000,No change,0
1560816000000,20190618,SAMCHEM,'5147,0.590,0.590,0.590,0.585,0.585,128000,Decreased,1
1560902400000,20190619,SAMCHEM,'5147,0.585,0.580,0.590,0.580,0.590,182600,Increased,2
1560988800000,20190620,SAMCHEM,'5147,0.590,0.585,0.585,0.585,0.585,4000,No change,0
1561075200000,20190621,SAMCHEM,'5147,0.585,0.585,0.585,0.580,0.580,73000,Decreased,1
1561334400000,20190624,SAMCHEM,'5147,0.580,0.585,0.585,0.580,0.585,106500,No change,0
1561420800000,20190625,SAMCHEM,'5147,0.585,0.585,0.590,0.585,0.590,26000,Increased,1
1561507200000,20190626,SAMCHEM,'5147,0.590,0.595,0.595,0.590,0.590,72400,Decreased,1
1561593600000,20190627,SAMCHEM,'5147,0.590,0.590,0.590,0.585,0.590,40000,No change,0
1561680000000,20190628,SAMCHEM,'5147,0.590,0.590,0.590,0.590,0.590,24200,No change,0
1561939200000,20190701,SAMCHEM,'5147,0.590,0.595,0.610,0.595,0.605,379100,Increased,2
1562025600000,20190702,SAMCHEM,'5147,0.605,0.615,0.615,0.600,0.605,256000,Decreased,2
1562112000000,20190703,SAMCHEM,'5147,0.605,0.605,0.615,0.605,0.615,280500,Increased,2
1562198400000,20190704,SAMCHEM,'5147,0.615,0.615,0.615,0.610,0.610,213600,Decreased,1
1562284800000,20190705,SAMCHEM,'5147,0.610,0.605,0.605,0.590,0.595,634400,Decreased,2
1562544000000,20190708,SAMCHEM,'5147,0.595,0.590,0.590,0.585,0.590,197200,No change,0
1562630400000,20190709,SAMCHEM,'5147,0.590,0.590,0.590,0.585,0.585,78600,Decreased,1
1562716800000,20190710,SAMCHEM,'5147,0.585,0.585,0.590,0.585,0.590,108100,Increased,1
1562803200000,20190711,SAMCHEM,'5147,0.590,0.590,0.595,0.590,0.590,201700,No change,0
1562889600000,20190712,SAMCHEM,'5147,0.590,0.600,0.600,0.595,0.595,116600,Decreased,1
1563148800000,20190715,SAMCHEM,'5147,0.595,0.595,0.600,0.595,0.595,112000,No change,0
1563235200000,20190716,SAMCHEM,'5147,0.595,0.600,0.605,0.600,0.605,68400,Increased,1
1563321600000,20190717,SAMCHEM,'5147,0.605,0.600,0.600,0.595,0.600,82100,No change,0
1563408000000,20190718,SAMCHEM,'5147,0.600,0.595,0.595,0.590,0.590,101100,Decreased,1
1563494400000,20190719,SAMCHEM,'5147,0.590,0.590,0.590,0.585,0.590,119700,No change,0
1563753600000,20190722,SAMCHEM,'5147,0.590,0.590,0.590,0.585,0.585,127600,Decreased,1
1563840000000,20190723,SAMCHEM,'5147,0.585,0.585,0.585,0.580,0.580,23600,Decreased,1
1563926400000,20190724,SAMCHEM,'5147,0.580,0.580,0.580,0.575,0.575,485100,Decreased,1
1564012800000,20190725,SAMCHEM,'5147,0.575,0.580,0.585,0.575,0.575,74500,Decreased,1
1564099200000,20190726,SAMCHEM,'5147,0.575,0.580,0.580,0.575,0.580,116000,No change,0
1564358400000,20190729,SAMCHEM,'5147,0.580,0.570,0.575,0.570,0.570,45000,No change,0
1564531200000,20190731,SAMCHEM,'5147,0.570,0.570,0.575,0.570,0.570,59600,No change,0
1564617600000,20190801,SAMCHEM,'5147,0.570,0.570,0.575,0.570,0.570,83000,No change,0
1564704000000,20190802,SAMCHEM,'5147,0.570,0.570,0.570,0.550,0.565,225000,Decreased,1
1564963200000,20190805,SAMCHEM,'5147,0.565,0.560,0.560,0.550,0.560,254500,No change,0
1565049600000,20190806,SAMCHEM,'5147,0.560,0.560,0.565,0.555,0.565,171100,Increased,1
1565136000000,20190807,SAMCHEM,'5147,0.565,0.570,0.570,0.560,0.565,47600,Decreased,1
1565222400000,20190808,SAMCHEM,'5147,0.565,0.550,0.565,0.550,0.555,67300,Increased,1
1565308800000,20190809,SAMCHEM,'5147,0.555,0.560,0.565,0.560,0.560,73200,No change,0
1565654400000,20190813,SAMCHEM,'5147,0.560,0.565,0.575,0.565,0.565,307600,No change,0
1565740800000,20190814,SAMCHEM,'5147,0.565,0.575,0.585,0.575,0.575,267600,No change,0
1565827200000,20190815,SAMCHEM,'5147,0.575,0.570,0.585,0.565,0.585,110200,Increased,3
1565913600000,20190816,SAMCHEM,'5147,0.585,0.585,0.605,0.585,0.605,684000,Increased,4
1566172800000,20190819,SAMCHEM,'5147,0.605,0.620,0.630,0.605,0.610,700800,Decreased,2
1566259200000,20190820,SAMCHEM,'5147,0.610,0.615,0.620,0.605,0.605,295300,Decreased,2
1566345600000,20190821,SAMCHEM,'5147,0.605,0.605,0.610,0.605,0.605,130000,No change,0
1566432000000,20190822,SAMCHEM,'5147,0.605,0.605,0.605,0.590,0.595,168000,Decreased,2
1566518400000,20190823,SAMCHEM,'5147,0.595,0.595,0.595,0.590,0.590,201100,Decreased,1
1566777600000,20190826,SAMCHEM,'5147,0.590,0.585,0.585,0.575,0.575,170100,Decreased,2
1566864000000,20190827,SAMCHEM,'5147,0.575,0.585,0.585,0.580,0.580,47000,Decreased,1
1566950400000,20190828,SAMCHEM,'5147,0.580,0.575,0.580,0.575,0.575,119000,No change,0
1567036800000,20190829,SAMCHEM,'5147,0.575,0.575,0.575,0.570,0.575,70000,No change,0
1567123200000,20190830,SAMCHEM,'5147,0.575,0.575,0.580,0.575,0.575,78000,No change,0
1567468800000,20190903,SAMCHEM,'5147,0.575,0.570,0.575,0.565,0.575,141300,Increased,1
1567555200000,20190904,SAMCHEM,'5147,0.575,0.575,0.575,0.575,0.575,14000,No change,0
1567641600000,20190905,SAMCHEM,'5147,0.575,0.570,0.570,0.560,0.565,144300,Decreased,1
1567728000000,20190906,SAMCHEM,'5147,0.565,0.575,0.575,0.565,0.570,37000,Decreased,1
1568073600000,20190910,SAMCHEM,'5147,0.570,0.570,0.580,0.570,0.580,260100,Increased,2
1568160000000,20190911,SAMCHEM,'5147,0.580,0.580,0.580,0.580,0.580,64700,No change,0
1568246400000,20190912,SAMCHEM,'5147,0.580,0.585,0.585,0.580,0.580,103800,Decreased,1
1568332800000,20190913,SAMCHEM,'5147,0.580,0.575,0.590,0.575,0.590,75200,Increased,3
1568678400000,20190917,SAMCHEM,'5147,0.590,0.590,0.590,0.580,0.580,24500,Decreased,2
1568764800000,20190918,SAMCHEM,'5147,0.580,0.585,0.585,0.585,0.585,16700,No change,0
1568851200000,20190919,SAMCHEM,'5147,0.585,0.595,0.595,0.580,0.580,234800,Decreased,3
1568937600000,20190920,SAMCHEM,'5147,0.580,0.580,0.580,0.580,0.580,8500,No change,0
1569196800000,20190923,SAMCHEM,'5147,0.580,0.580,0.585,0.580,0.585,84000,Increased,1
1569283200000,20190924,SAMCHEM,'5147,0.585,0.585,0.585,0.580,0.585,49900,No change,0
1569369600000,20190925,SAMCHEM,'5147,0.585,0.580,0.580,0.580,0.580,37100,No change,0
1569456000000,20190926,SAMCHEM,'5147,0.580,0.580,0.580,0.580,0.580,15000,No change,0
1569542400000,20190927,SAMCHEM,'5147,0.580,0.580,0.580,0.580,0.580,14200,No change,0
1569801600000,20190930,SAMCHEM,'5147,0.580,0.585,0.585,0.580,0.580,37500,Decreased,1
1569888000000,20191001,SAMCHEM,'5147,0.580,0.585,0.590,0.575,0.590,257700,Increased,1
1569974400000,20191002,SAMCHEM,'5147,0.590,0.585,0.585,0.575,0.575,193200,Decreased,2
1570060800000,20191003,SAMCHEM,'5147,0.575,0.570,0.575,0.570,0.575,58700,Increased,1
1570147200000,20191004,SAMCHEM,'5147,0.575,0.580,0.580,0.565,0.575,108300,Decreased,1
1570406400000,20191007,SAMCHEM,'5147,0.575,0.565,0.570,0.565,0.570,111700,Increased,1
1570492800000,20191008,SAMCHEM,'5147,0.570,0.565,0.570,0.560,0.560,235200,Decreased,1
1570579200000,20191009,SAMCHEM,'5147,0.560,0.565,0.565,0.560,0.560,49800,Decreased,1
1570665600000,20191010,SAMCHEM,'5147,0.560,0.565,0.565,0.565,0.565,33400,No change,0
1570752000000,20191011,SAMCHEM,'5147,0.565,0.570,0.575,0.570,0.570,214900,No change,0
1571011200000,20191014,SAMCHEM,'5147,0.570,0.575,0.580,0.575,0.580,177700,Increased,1
1571097600000,20191015,SAMCHEM,'5147,0.580,0.580,0.580,0.580,0.580,47700,No change,0
1571184000000,20191016,SAMCHEM,'5147,0.580,0.580,0.595,0.580,0.595,340000,Increased,3
1571270400000,20191017,SAMCHEM,'5147,0.595,0.590,0.595,0.585,0.585,189900,Decreased,1
1571356800000,20191018,SAMCHEM,'5147,0.585,0.580,0.590,0.580,0.580,137000,No change,0
1571616000000,20191021,SAMCHEM,'5147,0.580,0.585,0.585,0.580,0.580,142500,Decreased,1
1571702400000,20191022,SAMCHEM,'5147,0.580,0.580,0.585,0.580,0.585,215600,Increased,1
1571788800000,20191023,SAMCHEM,'5147,0.585,0.580,0.585,0.580,0.585,36400,Increased,1
1571875200000,20191024,SAMCHEM,'5147,0.585,0.585,0.585,0.575,0.585,79300,No change,0
1571961600000,20191025,SAMCHEM,'5147,0.585,0.585,0.585,0.575,0.580,198600,Decreased,1
1572307200000,20191029,SAMCHEM,'5147,0.580,0.590,0.590,0.585,0.585,87500,Decreased,1
1572393600000,20191030,SAMCHEM,'5147,0.585,0.585,0.585,0.580,0.580,80000,Decreased,1
1572480000000,20191031,SAMCHEM,'5147,0.580,0.585,0.585,0.585,0.585,92500,No change,0
1572566400000,20191101,SAMCHEM,'5147,0.585,0.585,0.585,0.580,0.580,80000,Decreased,1
1572825600000,20191104,SAMCHEM,'5147,0.580,0.590,0.590,0.575,0.580,326500,Decreased,2
1572912000000,20191105,SAMCHEM,'5147,0.580,0.580,0.585,0.575,0.575,829800,Decreased,1
1572998400000,20191106,SAMCHEM,'5147,0.575,0.580,0.580,0.575,0.575,333000,Decreased,1
1573084800000,20191107,SAMCHEM,'5147,0.575,0.580,0.585,0.575,0.580,621900,No change,0
1573171200000,20191108,SAMCHEM,'5147,0.580,0.580,0.590,0.575,0.580,742600,No change,0
1573430400000,20191111,SAMCHEM,'5147,0.580,0.605,0.620,0.600,0.620,3305100,Increased,3
1573516800000,20191112,SAMCHEM,'5147,0.620,0.620,0.620,0.610,0.620,998200,No change,0
1573603200000,20191113,SAMCHEM,'5147,0.620,0.620,0.695,0.620,0.695,7839400,Increased,15
1573689600000,20191114,SAMCHEM,'5147,0.695,0.695,0.705,0.670,0.695,3345000,No change,0
1573776000000,20191115,SAMCHEM,'5147,0.695,0.695,0.710,0.690,0.695,2692200,No change,0
1574985600000,20191129,SAMCHEM,'5147,0.695,0.670,0.675,0.650,0.650,1174600,Decreased,4
1575244800000,20191202,SAMCHEM,'5147,0.650,0.640,0.670,0.640,0.670,486500,Increased,6
1575331200000,20191203,SAMCHEM,'5147,0.670,0.670,0.670,0.655,0.670,396000,No change,0
1575417600000,20191204,SAMCHEM,'5147,0.670,0.660,0.660,0.645,0.650,416000,Decreased,2
1575504000000,20191205,SAMCHEM,'5147,0.650,0.660,0.695,0.660,0.685,1313400,Increased,5
1575590400000,20191206,SAMCHEM,'5147,0.685,0.700,0.710,0.690,0.690,1450000,Decreased,2
1575849600000,20191209,SAMCHEM,'5147,0.690,0.700,0.705,0.680,0.700,1034400,No change,0
1575936000000,20191210,SAMCHEM,'5147,0.700,0.700,0.725,0.695,0.725,2239300,Increased,5
1576022400000,20191211,SAMCHEM,'5147,0.725,0.735,0.735,0.700,0.705,1676500,Decreased,6
1576108800000,20191212,SAMCHEM,'5147,0.705,0.710,0.710,0.700,0.700,494300,Decreased,2
1576195200000,20191213,SAMCHEM,'5147,0.700,0.700,0.705,0.700,0.705,878000,Increased,1
1576454400000,20191216,SAMCHEM,'5147,0.705,0.705,0.705,0.700,0.700,539000,Decreased,1
1576540800000,20191217,SAMCHEM,'5147,0.700,0.700,0.700,0.700,0.700,765600,No change,0
1576627200000,20191218,SAMCHEM,'5147,0.700,0.700,0.700,0.680,0.680,667700,Decreased,4
1576713600000,20191219,SAMCHEM,'5147,0.680,0.675,0.675,0.665,0.675,387300,No change,0
1576800000000,20191220,SAMCHEM,'5147,0.675,0.675,0.675,0.670,0.670,158700,Decreased,1
1577059200000,20191223,SAMCHEM,'5147,0.670,0.665,0.670,0.655,0.670,442000,Increased,1
1577145600000,20191224,SAMCHEM,'5147,0.670,0.665,0.685,0.660,0.685,97100,Increased,4
1577318400000,20191226,SAMCHEM,'5147,0.685,0.680,0.680,0.665,0.665,154700,Decreased,3
1577404800000,20191227,SAMCHEM,'5147,0.665,0.670,0.670,0.660,0.670,270000,No change,0
1577664000000,20191230,SAMCHEM,'5147,0.670,0.675,0.675,0.665,0.665,102000,Decreased,2
1577750400000,20191231,SAMCHEM,'5147,0.665,0.670,0.670,0.660,0.665,124700,Decreased,1
1577923200000,20200102,SAMCHEM,'5147,0.665,0.665,0.715,0.665,0.705,1447600,Increased,8
1578009600000,20200103,SAMCHEM,'5147,0.705,0.710,0.730,0.690,0.700,1553900,Decreased,2
